fNo.       mw1            mw2        best1.x[0]     best1.theta     best2.x[0]   best2.theta   t/frame
0     0.000000000     0.000000000     236.040     33.192    248.154     152.490    0.460000
1     0.091190644     0.022774115     238.965     149.991    336.121     30.825    0.010000
2     0.021439632     0.016447840     238.502     149.141    339.466     31.852    0.020000
3     0.015695300     0.016237676     239.840     149.594    328.507     30.786    0.010000
4     0.020344311     0.014845168     239.634     149.410    335.477     30.366    0.020000
5     0.018630007     0.020917471     243.989     149.395    338.555     30.877    0.000000
6     0.018349236     0.017542999     240.741     148.152    342.464     31.207    0.010000
7     0.015536840     0.016589899     238.984     149.881    340.343     30.310    0.020000
8     0.020120427     0.018846167     239.013     148.355    288.744     34.088    0.010000
9     0.016129781     0.017874118     240.943     149.616    297.331     39.493    0.010000
10     0.018564377     0.021854125     303.173     44.118    239.015     149.892    0.020000
11     0.023391603     0.023762016     298.689     41.925    237.781     149.410    0.020000
12     0.020879198     0.011698453     291.711     39.435    238.970     147.938    0.010000
13     0.012211140     0.010357442     292.854     38.757    239.490     149.585    0.010000
14     0.018314648     0.011645631     299.715     40.448    245.596     149.974    0.010000
15     0.021389756     0.014063336     292.727     35.304    245.762     149.918    0.010000
16     0.026312917     0.011877251     302.989     40.262    243.422     149.950    0.020000
17     0.020415630     0.018615693     305.357     40.456    244.380     149.375    0.010000
18     0.016991410     0.012081499     306.835     40.092    245.047     149.771    0.010000
19     0.017409824     0.011353233     306.760     39.256    248.437     149.961    0.010000
20     0.018349031     0.011555398     309.038     39.918    247.817     149.475    0.020000
21     0.018122222     0.012583577     314.354     41.488    250.437     148.938    0.010000
22     0.014859700     0.011507610     310.138     39.291    250.751     149.743    0.010000
23     0.019043781     0.011957311     310.972     39.119    253.775     149.897    0.010000
24     0.019873509     0.012491604     318.656     41.227    253.189     149.819    0.010000
25     0.023330666     0.012712471     317.040     40.150    257.439     149.840    0.020000
26     0.021589056     0.011654025     316.119     39.752    260.304     149.951    0.010000
27     0.017912962     0.012313024     319.323     40.599    258.736     149.940    0.010000
28     0.023083610     0.011536979     321.151     41.387    262.090     149.192    0.020000
29     0.017851256     0.012684830     314.407     36.310    266.517     148.998    0.010000
30     0.016096063     0.009660759     322.611     41.203    273.420     149.916    0.020000
31     0.023265667     0.017389296     317.402     39.430    267.316     149.433    0.010000
32     0.018765774     0.011659247     320.133     40.097    278.130     149.849    0.000000
33     0.023829646     0.012951908     318.951     38.346    275.800     149.415    0.020000
34     0.018845150     0.012030188     324.936     40.439    270.739     148.596    0.020000
35     0.016161382     0.012401385     328.700     41.081    273.139     149.761    0.010000
36     0.024140244     0.012583620     327.040     40.190    278.221     148.022    0.010000
37     0.014713899     0.011859342     323.127     38.035    280.079     149.606    0.010000
38     0.019007782     0.012123544     329.852     40.196    283.338     149.373    0.020000
39     0.018913003     0.013341946     329.613     39.870    284.476     149.732    0.010000
40     0.020434963     0.011846441     327.547     38.308    287.174     149.600    0.010000
41     0.021523273     0.011345427     331.628     39.866    280.722     149.173    0.010000
42     0.016562704     0.014813766     328.216     37.827    287.033     147.830    0.020000
43     0.013187330     0.011636954     336.733     40.417    287.650     147.417    0.010000
44     0.013650933     0.015502388     335.492     39.545    284.407     149.471    0.010000
45     0.021595247     0.011065939     328.669     37.529    264.805     146.083    0.020000
46     0.010493780     0.010388802     331.522     38.063    287.308     149.335    0.000000
47     0.019286519     0.012206742     328.931     36.719    265.035     144.764    0.010000
48     0.010631576     0.011681149     333.837     38.451    266.776     143.652    0.020000
49     0.010870215     0.012881917     335.844     38.799    287.801     146.100    0.020000
50     0.013477070     0.014232047     326.892     34.849    285.044     147.429    0.010000
51     0.015578521     0.011460861     336.160     38.483    284.530     146.865    0.010000
52     0.013642957     0.015393171     329.786     36.565    272.921     145.803    0.010000
53     0.014037097     0.012214374     329.905     36.907    286.205     146.218    0.010000
54     0.011542032     0.011731425     321.906     33.119    287.385     146.764    0.010000
55     0.012937387     0.013030472     329.169     36.718    287.895     147.703    0.020000
56     0.015034171     0.015148621     330.793     36.850    269.775     143.351    0.010000
57     0.010884207     0.012029605     325.447     35.834    270.465     143.886    0.010000
58     0.012601566     0.011505036     328.752     37.200    283.473     146.352    0.020000
59     0.012606353     0.013249303     331.051     37.547    285.011     146.507    0.010000
60     0.011537246     0.011865477     329.115     37.261    284.017     146.217    0.010000
61     0.011446357     0.012239401     322.795     35.748    285.093     146.441    0.010000
62     0.011187972     0.010856223     312.688     31.895    287.162     145.792    0.010000
63     0.010540701     0.014841601     322.567     36.119    286.149     146.147    0.010000
64     0.013536708     0.014474946     320.335     35.380    283.573     145.758    0.020000
65     0.012107259     0.012066687     310.584     31.535    283.302     146.205    0.010000
66     0.012289970     0.014984950     309.590     32.046    283.949     146.902    0.020000
67     0.011535564     0.014592941     315.399     34.791    287.514     146.732    0.010000
68     0.012686749     0.011904808     313.414     34.412    287.582     147.047    0.010000
69     0.013465249     0.011232819     316.726     35.354    287.221     146.500    0.010000
70     0.014370076     0.013033163     305.393     32.664    283.862     145.959    0.020000
71     0.011791158     0.012872903     303.558     31.449    286.857     145.661    0.010000
72     0.011213074     0.014741572     309.719     34.130    282.268     145.352    0.010000
73     0.011911441     0.012121012     310.329     34.558    283.892     146.182    0.020000
74     0.013799259     0.011963254     302.817     32.066    281.958     145.778    0.010000
75     0.012409107     0.011593171     308.256     34.009    283.579     145.930    0.000000
76     0.012427521     0.014050464     306.991     34.079    285.522     145.076    0.020000
77     0.012479546     0.012255441     306.568     33.021    285.568     146.275    0.020000
78     0.012526791     0.012472671     303.835     33.340    287.904     147.274    0.010000
79     0.012535803     0.014229706     303.308     33.330    287.982     147.282    0.010000
80     0.012446811     0.014024608     298.507     31.416    287.489     147.217    0.020000
81     0.013325419     0.014220990     300.976     33.241    287.473     144.278    0.000000
82     0.011751819     0.013485357     303.270     33.449    286.026     146.821    0.020000
83     0.014148664     0.011978392     308.833     35.329    287.273     145.023    0.010000
84     0.010747356     0.012524310     300.826     33.100    283.018     145.938    0.010000
85     0.012502217     0.011076910     299.741     33.505    286.228     147.131    0.020000
86     0.013213244     0.012655780     297.126     31.405    286.505     146.676    0.010000
87     0.011783582     0.016143704     303.467     34.409    287.291     146.743    0.010000
88     0.012744130     0.014554624     297.801     33.486    283.792     146.801    0.010000
89     0.012779836     0.012437223     305.114     35.209    284.854     146.982    0.000000
90     0.014591732     0.012018864     303.784     34.623    283.447     146.761    0.020000
91     0.015169377     0.011107961     292.067     31.297    285.575     147.394    0.020000
92     0.016164513     0.015232731     297.933     33.304    284.825     147.164    0.000000
93     0.013580884     0.015155339     295.425     32.656    282.666     145.205    0.010000
94     0.010959999     0.013660300     304.497     35.594    279.897     145.332    0.020000
95     0.011203276     0.015234115     293.373     32.666    285.942     147.233    0.010000
96     0.015087655     0.013254677     298.285     33.662    280.677     145.519    0.010000
97     0.010092470     0.014141099     307.292     35.828    283.870     147.523    0.020000
98     0.013283467     0.012696884     293.458     33.093    284.915     148.080    0.010000
99     0.016726404     0.012878531     300.416     34.292    287.724     149.202    0.010000
100     0.018537119     0.012073955     301.220     34.196    280.257     146.826    0.010000
101     0.013569961     0.012773540     299.091     33.592    286.218     148.434    0.020000
102     0.013969655     0.014406688     300.423     33.352    279.566     148.973    0.010000
103     0.019711440     0.013171150     308.391     34.486    273.339     148.962    0.020000
104     0.016023841     0.012729368     305.115     33.039    273.434     149.684    0.010000
105     0.019105138     0.013351240     305.687     32.964    271.747     149.535    0.010000
106     0.018496100     0.012875969     316.216     34.710    265.468     148.306    0.010000
107     0.012604040     0.013260253     316.798     34.796    265.309     149.676    0.020000
108     0.021302270     0.012260787     309.354     30.559    262.391     147.940    0.010000
109     0.013256773     0.022475101     318.953     34.264    267.328     148.995    0.010000
110     0.015467222     0.014089218     324.453     34.810    256.158     148.124    0.020000
111     0.013226603     0.014080252     317.741     33.473    258.503     149.867    0.000000
112     0.020408755     0.012841148     318.549     31.362    256.465     149.238    0.020000
113     0.015433717     0.016781449     322.167     33.921    252.932     149.077    0.010000
114     0.016968111     0.015225846     322.461     33.546    252.299     148.549    0.010000
115     0.018428726     0.011318019     322.981     33.553    253.740     149.723    0.010000
116     0.018226329     0.012756567     323.859     31.885    253.295     149.381    0.020000
117     0.017172404     0.013077276     324.425     33.891    254.129     148.385    0.010000
118     0.015239129     0.012874191     325.027     34.092    253.932     149.384    0.010000
119     0.021615801     0.012336115     323.083     34.126    254.773     149.236    0.020000
120     0.017962309     0.011859244     317.130     32.260    255.781     149.156    0.010000
121     0.024140082     0.014867235     318.007     32.800    256.844     149.187    0.020000
122     0.019778440     0.016755290     316.525     30.771    257.403     148.512    0.000000
123     0.016484225     0.019181214     316.912     32.749    261.513     147.963    0.020000
124     0.013724086     0.014179843     311.930     32.298    261.759     149.202    0.010000
125     0.017954299     0.014786926     312.443     30.865    266.733     148.525    0.010000
126     0.015081906     0.015877260     313.297     33.047    264.579     148.509    0.010000
127     0.013976104     0.016742364     314.788     33.361    265.100     149.396    0.020000
128     0.017067447     0.015467617     310.156     32.045    267.505     149.757    0.000000
129     0.020777404     0.013813099     310.432     32.925    266.987     149.577    0.020000
130     0.019715261     0.013344938     308.664     32.481    263.424     148.224    0.010000
131     0.015654080     0.013581993     310.791     33.043    264.965     148.410    0.010000
132     0.017431580     0.012636365     313.858     33.594    264.580     147.740    0.020000
133     0.013137925     0.016679456     312.764     33.297    264.452     148.012    0.010000
134     0.014589698     0.014999644     311.232     31.491    268.680     149.597    0.010000
135     0.017604044     0.014323379     319.832     35.145    268.909     148.736    0.020000
136     0.014719904     0.012526598     313.271     33.545    267.596     149.896    0.000000
137     0.021241721     0.012515802     312.093     33.204    266.089     148.666    0.020000
138     0.014546618     0.014080377     311.294     33.431    264.988     147.229    0.010000
139     0.012273622     0.012908306     308.533     32.467    276.931     149.408    0.020000
140     0.019078653     0.013106398     316.049     34.191    265.402     147.829    0.010000
141     0.012087945     0.013108712     306.150     30.206    262.965     147.430    0.010000
142     0.013838062     0.020193156     315.089     34.272    266.771     147.358    0.010000
143     0.012219561     0.015260572     315.388     33.960    271.495     148.758    0.010000
144     0.016517133     0.011778214     307.041     30.756    267.670     147.531    0.020000
145     0.013552337     0.017202377     312.614     33.301    273.307     149.772    0.020000
146     0.021776952     0.015761800     310.908     32.610    269.284     148.376    0.010000
147     0.015729122     0.013335940     314.508     32.706    268.277     147.725    0.010000
148     0.014000046     0.015800184     313.658     33.433    274.929     149.736    0.010000
149     0.020092407     0.012321478     312.690     33.631    272.497     147.866    0.010000
150     0.014140676     0.013049233     316.632     33.545    271.590     148.175    0.020000
151     0.012881466     0.012562947     312.309     32.308    276.127     149.752    0.010000
152     0.019564958     0.014715963     310.004     33.263    277.411     149.623    0.010000
153     0.017989054     0.013195812     317.927     34.874    274.343     149.174    0.010000
154     0.014837338     0.012763561     311.356     33.939    275.914     149.053    0.010000
155     0.016351376     0.011173309     310.763     33.409    277.660     149.409    0.010000
156     0.021328786     0.013049562     315.612     34.500    271.969     147.108    0.030000
157     0.011237536     0.013377954     317.579     34.747    279.434     149.171    0.000000
158     0.018030278     0.013053541     317.886     35.100    277.903     147.821    0.020000
159     0.015586278     0.010913339     319.225     35.302    273.390     148.313    0.010000
160     0.013928236     0.013161103     308.688     32.542    273.994     146.964    0.010000
161     0.012972106     0.012345033     316.105     34.511    282.120     149.858    0.020000
162     0.021858918     0.013752947     307.196     32.549    279.091     148.190    0.000000
163     0.014810293     0.013435614     317.482     34.789    276.891     147.349    0.020000
164     0.013382505     0.012043997     314.765     33.779    279.739     149.572    0.010000
165     0.019538522     0.012980970     326.229     36.016    284.244     148.769    0.010000
166     0.019153584     0.013928054     306.652     31.665    282.504     149.571    0.020000
167     0.017958025     0.019751322     311.064     33.011    280.356     147.767    0.010000
168     0.014789430     0.014589153     309.119     32.131    279.826     148.788    0.010000
169     0.015255845     0.013270047     312.879     33.157    276.920     147.637    0.010000
170     0.013444663     0.012102569     303.857     31.341    280.405     149.137    0.010000
171     0.020285832     0.015560774     317.229     33.522    280.529     149.175    0.010000
172     0.016915875     0.013210008     313.820     32.817    280.540     147.676    0.010000
173     0.012895564     0.016287182     283.287     149.468    317.214     33.514    0.020000
174     0.019063443     0.013015395     310.282     31.630    285.002     149.986    0.010000
175     0.021941746     0.015532916     309.434     31.181    277.871     148.614    0.020000
176     0.017169205     0.016617579     279.062     148.337    303.933     30.451    0.010000
177     0.012792110     0.023721708     314.676     32.012    281.593     149.581    0.010000
178     0.017801814     0.015808849     314.139     31.989    278.762     148.452    0.010000
179     0.013549304     0.013418212     310.245     30.824    276.537     148.349    0.020000
180     0.015687954     0.018122505     316.669     32.448    279.540     149.473    0.000000
181     0.019386489     0.014149904     313.733     31.684    274.191     147.510    0.020000
182     0.013932675     0.012316561     311.626     31.029    274.086     146.828    0.010000
183     0.012191276     0.017772617     306.991     30.548    282.799     149.583    0.020000
184     0.022704476     0.020906433     281.899     149.350    303.066     30.017    0.010000
185     0.016695855     0.023002628     312.429     30.989    279.106     148.915    0.010000
186     0.017421857     0.018446205     310.788     30.640    282.043     149.015    0.010000
187     0.016934175     0.016283231     305.129     30.346    280.858     149.270    0.010000
188     0.018141124     0.020740481     307.846     30.798    282.301     149.162    0.020000
189     0.017135967     0.015506764     312.622     31.165    281.312     149.138    0.010000
190     0.017246516     0.015360380     309.984     30.618    279.455     148.335    0.010000
191     0.013257910     0.020479716     312.498     30.815    279.837     148.609    0.010000
192     0.014076258     0.015785990     306.670     30.038    277.263     146.930    0.020000
193     0.013304676     0.020634376     310.306     30.341    281.618     148.262    0.010000
194     0.018647978     0.022351135     308.368     30.349    275.911     147.673    0.010000
195     0.014212667     0.020954816     309.412     31.335    276.885     147.424    0.010000
196     0.013561576     0.013683403     311.824     31.332    277.625     148.035    0.020000
197     0.014898418     0.014886133     313.735     30.499    278.034     147.750    0.010000
198     0.012520807     0.023067642     307.369     30.176    280.344     148.509    0.010000
199     0.015603008     0.017785266     310.608     30.709    278.267     147.870    0.020000
200     0.015915761     0.019347664     311.609     31.056    272.517     146.246    0.010000
201     0.011502700     0.018144045     284.646     148.029    315.142     32.175    0.010000
202     0.013461138     0.016092910     308.552     30.288    279.621     148.228    0.010000
203     0.014818314     0.023423895     281.200     148.433    316.529     32.133    0.010000
204     0.015601986     0.015701212     311.027     31.240    275.865     146.959    0.020000
205     0.012947665     0.016454116     310.896     30.510    286.852     148.258    0.010000
206     0.012820881     0.019305574     315.505     30.681    271.048     145.495    0.020000
207     0.011002523     0.019615151     279.684     147.644    313.668     31.029    0.000000
208     0.014333142     0.019857263     309.828     30.253    276.126     147.300    0.010000
209     0.012511990     0.021867501     268.920     144.193    309.002     30.184    0.020000
210     0.011578275     0.020235648     309.538     30.035    270.189     144.750    0.010000
211     0.009965566     0.020770429     312.378     30.340    271.901     145.277    0.010000
212     0.013666167     0.021278646     277.633     147.349    311.895     31.003    0.010000
213     0.012567645     0.015066393     276.845     147.017    316.995     30.408    0.020000
214     0.012414965     0.018894004     314.139     30.545    281.259     146.618    0.010000
215     0.011935246     0.019887220     278.191     147.624    320.795     31.294    0.010000
216     0.012794205     0.015878677     316.439     31.692    279.539     146.533    0.020000
217     0.013016930     0.016160483     314.734     30.185    268.815     144.489    0.010000
218     0.011404012     0.019225359     316.371     30.300    276.060     146.785    0.010000
219     0.012132376     0.023937704     318.695     30.581    271.971     146.350    0.010000
220     0.012200920     0.020736501     320.779     31.453    280.006     148.659    0.020000
221     0.017775357     0.015287552     319.110     30.201    272.535     145.527    0.010000
222     0.011883995     0.025535176     330.692     33.187    276.847     146.167    0.010000
223     0.012959780     0.013696946     275.638     147.343    323.878     31.455    0.010000
224     0.014362664     0.016150679     328.416     31.437    279.685     146.708    0.010000
225     0.011667689     0.015253525     323.625     30.689    276.358     147.334    0.020000
226     0.011602348     0.016124971     323.277     30.472    269.882     145.369    0.010000
227     0.011352315     0.021710841     328.374     31.237    273.812     146.998    0.010000
228     0.014062338     0.017032959     331.001     31.582    278.828     148.079    0.020000
229     0.012660414     0.013919097     323.261     30.100    278.389     147.878    0.000000
230     0.014570811     0.024608657     325.845     31.547    274.874     146.978    0.020000
231     0.013440593     0.014705476     277.020     147.450    325.779     31.350    0.010000
232     0.012004484     0.016112687     284.727     148.208    325.058     30.666    0.010000
233     0.012615042     0.016654540     276.814     147.217    332.406     32.765    0.020000
234     0.012626021     0.015632706     278.455     147.784    323.600     30.494    0.010000
235     0.015162113     0.019276878     287.263     148.285    328.155     32.206    0.020000
236     0.017155131     0.017553343     286.510     147.822    324.509     31.197    0.010000
237     0.014658899     0.015902124     283.974     147.130    324.282     30.906    0.010000
238     0.012695887     0.016420670     275.591     146.782    323.149     30.376    0.010000
239     0.010761467     0.020982172     282.682     146.940    337.155     33.595    0.010000
240     0.011672878     0.015627282     274.573     146.262    322.563     30.554    0.010000
241     0.013246898     0.016198007     280.103     147.165    319.843     30.060    0.010000
242     0.013084132     0.022210851     283.026     147.997    317.573     30.183    0.010000
243     0.015342822     0.020425651     272.198     144.647    322.335     30.424    0.020000
244     0.010455441     0.023110898     316.663     30.067    279.397     146.930    0.020000
245     0.014120766     0.025305528     316.559     30.041    279.304     146.118    0.010000
246     0.012533409     0.025071826     280.072     147.214    325.830     31.440    0.010000
247     0.013375728     0.020219015     272.959     144.450    324.516     31.440    0.010000
248     0.009673554     0.017797915     269.570     143.613    320.203     31.173    0.010000
249     0.010333840     0.014807017     315.166     30.450    268.876     143.497    0.020000
250     0.010122824     0.017009921     312.883     30.326    273.316     145.547    0.010000
251     0.015922623     0.021177508     314.752     30.504    267.988     143.348    0.010000
252     0.011596979     0.019656617     312.338     30.225    285.065     148.010    0.010000
253     0.018997675     0.021348050     311.634     30.426    265.983     142.240    0.020000
254     0.009677294     0.022561289     319.470     31.885    271.442     145.074    0.010000
255     0.013410082     0.015787901     312.787     30.376    266.340     143.318    0.010000
256     0.011951148     0.019469555     313.049     30.502    263.486     142.393    0.020000
257     0.011137093     0.018191423     319.570     31.580    279.001     146.495    0.010000
258     0.016328918     0.013665865     310.844     30.167    261.855     141.819    0.020000
259     0.011139993     0.023024114     312.871     30.233    262.826     142.102    0.000000
260     0.012210990     0.021351183     314.990     30.852    268.511     144.298    0.020000
261     0.012495794     0.018667560     313.560     30.141    274.412     145.917    0.000000
262     0.013559157     0.019758314     313.072     30.364    282.486     147.640    0.020000
263     0.016330928     0.015873335     315.606     30.569    273.422     146.000    0.010000
264     0.012436393     0.019123474     309.734     30.043    265.004     144.311    0.020000
265     0.010817785     0.025086343     316.272     30.748    250.456     139.083    0.010000
266     0.010326291     0.020079629     310.854     30.191    252.991     140.003    0.010000
267     0.012174657     0.020305699     308.892     30.044    250.068     139.523    0.010000
268     0.011556669     0.023180021     315.486     31.332    255.205     141.689    0.010000
269     0.013089335     0.015184757     315.263     30.953    251.127     140.658    0.020000
270     0.009671412     0.023118587     306.154     30.212    242.398     138.534    0.010000
271     0.011807213     0.022376267     310.834     30.834    246.885     140.795    0.010000
272     0.012657591     0.017437370     311.589     30.227    255.783     142.856    0.020000
273     0.011330441     0.019109732     315.263     30.797    236.800     139.215    0.010000
274     0.012340306     0.019264445     303.964     30.167    225.625     137.113    0.010000
275     0.011181246     0.020697346     310.075     31.127    214.023     135.810    0.020000
276     0.010207621     0.015769146     309.229     30.374    215.381     138.247    0.010000
277     0.011599349     0.020866029     305.109     30.677    217.604     141.479    0.010000
278     0.014986204     0.017325802     306.131     30.095    225.304     144.823    0.010000
279     0.014201259     0.018940104     304.848     30.311    235.595     147.806    0.020000
280     0.017590806     0.022704303     306.589     30.448    255.608     149.831    0.010000
281     0.022316087     0.019038513     306.142     30.857    255.003     149.413    0.010000
282     0.020007052     0.020144423     308.120     30.802    243.326     149.735    0.010000
283     0.021914514     0.020074174     309.841     31.363    234.862     148.599    0.000000
284     0.014488668     0.016752720     306.640     30.967    235.381     149.618    0.020000
285     0.020916227     0.020133827     309.121     31.601    231.376     148.296    0.020000
286     0.013973697     0.016123336     309.098     30.285    232.525     149.132    0.010000
287     0.015211416     0.022917684     307.731     31.127    235.853     149.438    0.010000
288     0.018749682     0.023644162     305.609     30.102    231.931     149.303    0.010000
289     0.018735282     0.023314422     307.191     30.834    216.155     149.331    0.020000
290     0.023061860     0.017417697     304.055     30.376    224.885     149.779    0.010000
291     0.017569372     0.023053534     312.479     32.263    228.136     149.069    0.020000
292     0.017442903     0.013739293     302.374     30.192    225.134     149.796    0.000000
293     0.020993143     0.024548292     307.749     30.856    221.509     149.303    0.010000
294     0.017472332     0.018074991     306.016     31.635    219.775     149.558    0.020000
295     0.019586634     0.013418509     306.397     31.569    224.118     149.781    0.010000
296     0.020534987     0.013964196     301.494     30.565    252.174     149.535    0.010000
297     0.019328780     0.020514859     301.063     30.292    253.860     149.987    0.020000
298     0.021596188     0.023155255     309.263     32.544    244.046     147.531    0.010000
299     0.012532271     0.016693806     305.601     30.511    244.645     149.692    0.010000
300     0.024634197     0.023869259     309.455     33.170    242.751     149.066    0.020000
301     0.021469668     0.012992417     309.121     31.283    234.000     149.937    0.010000
302     0.019591197     0.016000153     313.573     33.686    240.532     148.966    0.020000
303     0.015109943     0.014552118     306.113     31.700    231.147     148.062    0.010000
304     0.017657008     0.013737850     309.193     32.984    244.820     149.656    0.010000
305     0.021123188     0.013398066     301.956     30.206    233.171     148.456    0.010000
306     0.017586514     0.018361866     303.858     30.332    243.559     149.922    0.010000
307     0.020392727     0.022125725     304.308     30.390    232.948     149.521    0.010000
308     0.023324138     0.020963086     305.719     31.828    233.404     149.905    0.020000
309     0.021099081     0.015900308     306.232     32.260    236.863     149.845    0.010000
310     0.018001068     0.016878735     302.711     31.799    231.051     148.501    0.010000
311     0.017876286     0.018031735     304.408     32.328    263.474     149.788    0.010000
312     0.020215062     0.014417082     306.818     33.065    241.534     149.948    0.020000
313     0.022159340     0.013260464     303.851     32.008    236.234     149.419    0.010000
314     0.018401377     0.016180826     304.471     32.205    223.195     149.940    0.010000
315     0.020095861     0.014535784     306.782     31.379    222.156     149.810    0.020000
316     0.021215191     0.019629303     309.404     32.588    229.675     148.793    0.000000
317     0.015672719     0.013472118     308.844     32.303    231.613     149.991    0.020000
318     0.019219201     0.014519321     310.909     31.080    224.458     149.829    0.010000
319     0.016004128     0.016387645     314.407     32.092    221.000     148.342    0.010000
320     0.013298619     0.015236132     314.343     32.396    220.598     149.738    0.010000
321     0.023129323     0.014309010     320.867     33.804    219.271     149.692    0.020000
322     0.019954361     0.014098172     317.244     33.385    217.241     149.609    0.010000
323     0.019288076     0.012333264     321.598     33.897    220.088     149.437    0.020000
324     0.019145120     0.011256008     316.807     32.575    213.384     149.297    0.010000
325     0.023742724     0.014016975     323.834     34.259    215.079     148.114    0.010000
326     0.014903137     0.012506589     319.981     33.051    218.057     150.000    0.010000
327     0.021176260     0.016586360     313.422     30.289    222.301     149.861    0.020000
328     0.018319082     0.022294220     318.367     32.385    215.910     149.517    0.010000
329     0.017132852     0.017715486     317.154     32.651    219.509     149.963    0.010000
330     0.023352847     0.013544311     317.089     32.758    257.630     146.606    0.010000
331     0.012266313     0.012564662     320.239     33.702    220.513     149.994    0.010000
332     0.023211310     0.014818687     319.722     33.723    258.552     149.245    0.020000
333     0.017768035     0.013038095     318.303     33.178    258.604     143.837    0.010000
334     0.011165641     0.013095676     323.822     34.312    254.230     148.000    0.010000
335     0.016026443     0.011891982     316.614     31.135    228.085     149.936    0.010000
336     0.020826709     0.013562457     314.935     30.450    254.924     147.738    0.020000
337     0.012882847     0.017274356     323.368     33.632    260.803     149.705    0.010000
338     0.026115505     0.013488073     324.730     34.045    258.830     143.143    0.010000
339     0.009876322     0.013224581     326.640     33.829    260.218     149.755    0.010000
340     0.030552793     0.012699415     318.916     31.599    258.638     147.439    0.010000
341     0.013687558     0.012280516     322.870     32.699    257.774     148.928    0.020000
342     0.017499907     0.011467897     322.637     32.381    260.710     145.974    0.010000
343     0.011898172     0.013276999     321.045     31.883    262.268     149.629    0.010000
344     0.019615598     0.016969783     321.304     31.996    260.427     149.765    0.020000
345     0.020663882     0.013685420     323.365     32.578    259.235     148.739    0.010000
346     0.017086193     0.015099739     321.969     32.028    263.353     145.446    0.010000
347     0.011495179     0.017138027     323.091     33.024    260.381     148.075    0.010000
348     0.016151069     0.014081774     319.531     32.336    265.782     145.753    0.010000
349     0.011829508     0.017233070     320.085     32.386    268.930     149.952    0.020000
350     0.022665394     0.015783040     322.442     33.368    268.159     148.606    0.020000
351     0.014074255     0.013087582     321.415     32.807    269.037     149.297    0.000000
352     0.016323008     0.013778717     317.586     32.326    269.709     148.876    0.020000
353     0.015874354     0.014278580     323.219     33.666    271.619     148.625    0.010000
354     0.014690648     0.012415984     320.172     32.752    271.057     149.337    0.010000
355     0.018012613     0.014576836     323.191     33.337    270.784     147.212    0.010000
356     0.012774815     0.012689278     320.465     33.187    269.031     149.891    0.010000
357     0.023537032     0.013282758     318.361     32.639    271.346     149.504    0.020000
358     0.022210563     0.015045695     320.108     33.109    270.610     149.853    0.010000
359     0.022305664     0.014689826     316.488     32.381    268.767     149.048    0.020000
360     0.016296500     0.014585359     314.823     32.235    269.012     148.584    0.010000
361     0.015642673     0.012998090     315.311     32.587    271.231     146.970    0.010000
362     0.012865988     0.014072664     312.903     31.992    274.089     148.049    0.020000
363     0.015416653     0.017491901     319.694     33.596    272.641     149.468    0.010000
364     0.019771568     0.012846471     315.507     33.069    275.084     148.686    0.000000
365     0.015873088     0.014511696     314.802     32.606    274.267     148.027    0.020000
366     0.015177187     0.014234119     312.581     32.720    277.214     149.615    0.010000
367     0.018586654     0.014204361     311.450     32.881    274.647     149.476    0.010000
368     0.018196564     0.013430241     315.368     33.775    272.909     149.667    0.020000
369     0.018539617     0.012244327     309.799     31.354    274.421     149.287    0.010000
370     0.020541592     0.016563643     309.694     31.754    275.822     148.594    0.020000
371     0.013785440     0.012836523     318.204     35.009    273.810     149.292    0.010000
372     0.020729640     0.014836337     316.372     34.503    274.043     147.525    0.010000
373     0.014916329     0.013596626     316.419     34.209    272.006     149.994    0.010000
374     0.025779394     0.011902600     312.896     33.476    271.716     149.890    0.010000
375     0.020325271     0.013461243     313.915     32.339    277.269     149.438    0.010000
376     0.021264704     0.013262654     308.743     31.531    273.228     148.222    0.020000
377     0.016742401     0.015703257     313.922     33.331    270.346     148.905    0.020000
378     0.015754877     0.012495554     315.447     33.047    274.190     149.196    0.000000
379     0.016899751     0.014947909     311.345     33.204    267.173     145.593    0.020000
380     0.013217890     0.011919715     310.030     32.085    268.084     148.233    0.010000
381     0.021005973     0.013001052     312.928     33.486    276.153     149.724    0.010000
382     0.021930218     0.014018340     314.537     33.983    275.866     149.939    0.010000
383     0.020444619     0.011879030     313.965     33.866    273.406     148.719    0.010000
384     0.015563820     0.013124781     311.444     32.028    270.980     148.688    0.020000
385     0.017161883     0.013989547     311.065     31.979    266.406     147.520    0.020000
386     0.013954497     0.017660322     312.330     31.790    266.993     148.914    0.010000
387     0.016750595     0.015021975     316.500     33.183    271.440     148.549    0.010000
388     0.015302087     0.011939403     319.509     34.034    270.542     148.854    0.010000
389     0.012926368     0.011900873     316.913     34.159    271.175     149.540    0.020000
390     0.017351029     0.011441521     315.401     33.049    266.458     149.437    0.000000
391     0.016499905     0.012551005     311.678     32.404    270.215     148.446    0.020000
392     0.016032018     0.012330119     320.465     34.321    267.318     148.243    0.010000
393     0.014879905     0.015854886     313.488     32.813    266.579     148.205    0.020000
394     0.013727071     0.011391334     314.626     32.772    269.490     149.616    0.010000
395     0.020673858     0.016243890     320.758     34.474    266.186     149.583    0.010000
396     0.018276934     0.013668054     318.721     35.273    266.989     149.698    0.020000
397     0.018759051     0.012753396     317.448     34.826    267.520     149.832    0.000000
398     0.020299161     0.011980087     320.104     34.929    266.169     148.767    0.020000
399     0.014689761     0.012109969     318.467     35.226    271.425     148.971    0.010000
400     0.017343709     0.012249629     313.824     32.613    271.613     149.615    0.010000
401     0.016198110     0.014200768     317.774     33.887    270.015     148.818    0.020000
402     0.014091452     0.016238095     317.955     33.582    269.361     148.749    0.010000
403     0.019137796     0.011654024     314.801     32.545    266.527     149.397    0.020000
404     0.018766027     0.014254360     324.009     35.546    264.783     149.383    0.010000
405     0.017142259     0.013286653     314.442     32.434    269.623     149.982    0.000000
406     0.019734839     0.014924898     325.614     35.512    270.785     149.680    0.020000
407     0.022761228     0.012796449     321.202     34.619    266.231     149.975    0.010000
408     0.025560737     0.013067129     321.484     34.322    268.883     149.718    0.010000
409     0.018621489     0.013946905     324.429     35.080    263.105     149.048    0.020000
410     0.016742295     0.012888745     322.857     33.983    262.310     148.956    0.010000
411     0.016483981     0.012185060     317.975     32.362    263.241     149.232    0.020000
412     0.019967653     0.015780503     324.078     34.403    263.258     149.137    0.000000
413     0.017989036     0.012686281     323.966     34.084    262.725     149.267    0.020000
414     0.014329530     0.011940396     320.944     33.290    262.871     149.578    0.010000
415     0.019824039     0.012699041     323.858     34.022    265.744     149.922    0.010000
416     0.017525876     0.014687201     317.918     32.423    265.636     148.891    0.020000
417     0.018591214     0.013915829     321.152     33.451    267.671     149.769    0.010000
418     0.017653111     0.012164043     321.061     33.344    266.893     149.153    0.010000
419     0.018307764     0.011965513     323.612     34.712    263.014     149.801    0.020000
420     0.020170350     0.014207774     321.890     34.009    267.081     149.587    0.010000
421     0.022176987     0.014095451     318.661     33.252    261.642     149.115    0.010000
422     0.018897993     0.012513479     314.883     32.599    268.079     149.565    0.010000
423     0.018422196     0.014157663     318.253     35.124    268.195     149.875    0.010000
424     0.020362357     0.014369271     322.057     36.341    269.212     149.782    0.020000
425     0.021540763     0.012191390     318.567     34.634    265.055     149.789    0.020000
426     0.021438250     0.011955913     312.370     33.030    267.112     149.816    0.010000
427     0.021020278     0.012032138     319.064     34.979    263.568     149.916    0.010000
428     0.017322322     0.013747040     315.489     35.717    268.272     149.871    0.010000
429     0.022467310     0.012628438     317.079     36.024    266.233     149.724    0.020000
430     0.018950531     0.012949222     313.457     35.739    261.092     148.861    0.010000
431     0.016266506     0.014448581     319.015     36.214    263.982     149.871    0.010000
432     0.018597336     0.013918516     311.138     33.452    267.693     149.964    0.010000
433     0.021868028     0.010961742     317.425     36.187    266.966     149.918    0.010000
434     0.021395430     0.015547423     313.929     36.959    265.748     149.678    0.020000
435     0.018832872     0.012650925     311.377     34.379    265.497     149.659    0.010000
436     0.017103696     0.011879580     314.007     37.228    261.559     149.323    0.020000
437     0.018673928     0.014565089     317.037     37.386    259.342     149.052    0.010000
438     0.016022904     0.011945632     315.161     37.097    257.769     148.557    0.010000
439     0.015302897     0.010944827     311.542     37.273    261.462     149.377    0.010000
440     0.017299300     0.012255754     307.206     34.350    262.373     149.394    0.010000
441     0.016564421     0.010733308     314.617     39.058    263.545     148.952    0.020000
442     0.017205367     0.018149760     307.370     35.340    264.363     148.864    0.010000
443     0.016009610     0.011831412     313.369     37.137    262.607     149.833    0.010000
444     0.022762883     0.016946882     311.656     38.642    262.144     149.060    0.010000
445     0.019169098     0.013500004     309.350     37.632    256.807     148.591    0.010000
446     0.015020338     0.011732726     309.569     38.323    257.686     149.117    0.020000
447     0.018690158     0.012037738     308.406     36.398    264.489     149.875    0.010000
448     0.028049044     0.012881498     312.015     39.404    260.057     149.683    0.020000
449     0.023130633     0.017238656     314.360     38.469    261.043     149.467    0.010000
450     0.017505765     0.010888706     308.270     36.622    262.590     149.976    0.010000
451     0.024668470     0.011409467     315.809     39.449    254.443     149.355    0.010000
452     0.017758705     0.015757419     317.314     39.887    263.276     149.863    0.020000
453     0.019408690     0.012970155     315.300     37.045    262.500     149.227    0.010000
454     0.017634075     0.010952112     315.470     39.849    255.351     149.995    0.000000
455     0.020834409     0.012703484     313.948     40.640    250.773     149.362    0.020000
456     0.019324131     0.012867861     310.724     37.640    247.319     147.594    0.020000
457     0.013883119     0.010869930     310.454     37.487    253.134     149.662    0.010000
458     0.019533711     0.011381440     315.255     39.388    258.506     149.640    0.010000
459     0.020181412     0.012120704     312.184     37.879    246.684     148.723    0.020000
460     0.015967248     0.011647931     314.101     37.996    250.354     149.730    0.010000
461     0.018445423     0.012263350     319.119     40.462    253.793     149.932    0.010000
462     0.028560815     0.012951205     310.375     37.401    255.892     149.630    0.010000
463     0.015687298     0.009395179     317.865     40.970    257.095     149.786    0.010000
464     0.019895071     0.015079502     313.377     39.681    258.110     149.180    0.010000
465     0.015630553     0.010687909     314.177     38.070    258.451     149.921    0.020000
466     0.022121599     0.009942917     315.660     37.854    265.922     149.611    0.010000
467     0.018125258     0.011404258     320.060     40.134    264.004     149.840    0.010000
468     0.020552116     0.014429094     314.584     39.490    251.005     149.132    0.010000
469     0.017030224     0.011345508     316.245     40.043    261.436     149.590    0.020000
470     0.016044918     0.012716380     321.401     40.404    262.682     149.766    0.010000
471     0.023460563     0.013294991     318.193     40.308    260.175     148.894    0.010000
472     0.014514420     0.012933586     317.467     39.730    266.271     149.778    0.010000
473     0.021225920     0.011998016     322.844     40.045    266.715     148.435    0.020000
474     0.013480270     0.011263302     319.734     40.116    266.680     149.382    0.010000
475     0.017008139     0.012019066     320.357     40.067    266.135     149.332    0.010000
476     0.017803848     0.011460652     324.619     40.922    266.309     149.341    0.020000
477     0.017926097     0.013563851     325.535     41.113    259.437     149.643    0.010000
478     0.022166751     0.013224986     323.644     39.643    267.268     149.388    0.010000
479     0.017435834     0.010943788     320.309     38.845    264.320     149.647    0.010000
480     0.022021361     0.011988961     324.976     41.810    270.245     149.972    0.020000
481     0.020762378     0.014615443     324.416     41.312    265.946     149.782    0.000000
482     0.021389885     0.011496934     323.542     40.198    267.279     149.895    0.020000
483     0.017765198     0.011838609     328.685     42.316    267.617     149.256    0.000000
484     0.018157791     0.014058092     323.442     40.391    262.463     149.593    0.020000
485     0.019525023     0.010998398     324.048     40.261    264.207     149.497    0.020000
486     0.018312711     0.012686053     329.965     43.429    270.343     148.841    0.010000
487     0.015058753     0.017179500     325.175     41.131    264.301     149.688    0.010000
488     0.020709166     0.012435391     321.472     40.763    263.721     149.357    0.010000
489     0.019850489     0.010780563     327.543     41.677    273.715     149.499    0.010000
490     0.022423435     0.012505956     326.711     42.675    270.437     149.895    0.020000
491     0.018172339     0.012816750     328.337     43.179    272.173     149.845    0.010000
492     0.019352265     0.010664005     328.399     43.661    266.747     149.841    0.010000
493     0.019825591     0.011334227     326.026     42.609    269.105     149.094    0.020000
494     0.016012082     0.011648394     322.969     41.303    269.270     149.389    0.010000
495     0.018352352     0.011722937     322.027     40.777    273.259     149.598    0.010000
496     0.020255541     0.012294589     322.702     41.092    265.949     148.684    0.010000
497     0.016550589     0.011871612     326.540     42.303    273.738     149.437    0.020000
498     0.016344424     0.013299576     326.861     44.393    265.457     149.703    0.010000
499     0.018365663     0.015089899     321.756     41.256    275.553     149.524    0.010000
500     0.017432502     0.011040972     326.655     43.840    270.462     149.534    0.010000
501     0.020032698     0.013603481     326.090     43.375    268.076     149.037    0.020000
502     0.021078739     0.012991763     323.959     42.182    271.054     148.857    0.010000
503     0.018157838     0.011562131     325.647     42.759    270.569     149.297    0.010000
504     0.019461630     0.012402009     318.727     40.089    266.713     149.077    0.010000
505     0.020347621     0.010967814     324.797     40.656    273.011     149.171    0.010000
506     0.017580261     0.013448340     325.161     42.287    269.514     147.938    0.010000
507     0.013511579     0.013268387     325.079     42.437    270.232     149.831    0.020000
508     0.021136735     0.011562775     321.209     40.752    268.091     149.375    0.010000
509     0.017267063     0.011526557     325.582     40.756    268.700     148.675    0.010000
510     0.017508460     0.011489073     325.934     41.670    271.431     149.949    0.020000
511     0.026045717     0.011750353     320.847     40.792    268.124     149.339    0.010000
512     0.018087832     0.011070026     326.501     43.185    266.551     148.270    0.020000
513     0.013639790     0.012950692     326.258     43.435    262.686     149.983    0.000000
514     0.022136949     0.013280321     321.942     41.087    260.965     149.638    0.010000
515     0.020417806     0.011955375     320.294     40.637    270.495     149.544    0.020000
516     0.018223746     0.011879128     325.300     40.604    271.365     149.063    0.010000
517     0.023111129     0.011262042     320.779     43.227    266.952     149.048    0.020000
518     0.018836703     0.015706696     327.015     43.317    264.300     148.957    0.000000
519     0.016730078     0.011822016     319.920     40.327    267.491     148.976    0.020000
520     0.016953072     0.010722432     323.107     43.734    264.175     148.946    0.010000
521     0.015966451     0.013680433     320.974     40.792    268.754     149.917    0.020000
522     0.022676932     0.010206930     327.666     45.137    269.489     149.030    0.010000
523     0.015013235     0.017306382     325.826     42.954    260.553     147.640    0.010000
524     0.014867941     0.010343059     323.049     43.914    255.430     148.994    0.010000
525     0.016603734     0.012918501     327.570     44.531    247.347     147.508    0.010000
526     0.013683758     0.011455454     324.150     42.803    270.098     149.729    0.020000
527     0.020856090     0.011331934     321.100     40.966    265.618     149.195    0.000000
528     0.017881123     0.011231317     322.301     43.825    262.378     149.079    0.020000
529     0.017479172     0.013428977     325.003     44.558    262.328     149.053    0.010000
530     0.015467942     0.013879307     323.684     43.880    271.092     149.968    0.010000
531     0.025498675     0.011495076     325.441     45.117    266.247     149.823    0.020000
532     0.020036833     0.011080468     322.865     44.291    264.293     149.702    0.010000
533     0.018286211     0.011373211     322.873     43.916    266.148     149.988    0.010000
534     0.022126760     0.012196870     327.461     43.647    268.268     149.949    0.010000
535     0.022325901     0.010793398     327.872     43.829    268.348     149.427    0.020000
536     0.017385200     0.011681578     329.541     45.452    265.431     149.634    0.010000
537     0.017196212     0.012688196     329.118     43.655    270.502     149.884    0.010000
538     0.019931210     0.011507136     325.684     42.345    255.095     148.792    0.010000
539     0.016815277     0.010809142     324.457     41.524    258.005     149.882    0.020000
540     0.021372320     0.011141092     331.154     44.168    256.102     149.575    0.000000
541     0.022692900     0.013237725     327.883     42.771    253.585     149.379    0.020000
542     0.018801950     0.012868538     324.572     43.041    262.240     149.919    0.010000
543     0.020305870     0.012004391     324.634     43.389    264.554     149.501    0.020000
544     0.018886998     0.012928828     326.099     43.534    261.495     149.760    0.000000
545     0.020568380     0.011434230     324.010     42.771    264.337     149.629    0.020000
546     0.020585470     0.011828610     329.593     45.163    264.370     149.751    0.010000
547     0.022616686     0.015484248     329.523     43.100    256.734     149.538    0.010000
548     0.021171955     0.011195890     332.907     45.050    259.561     147.871    0.020000
549     0.014753623     0.013556434     331.199     45.018    262.462     148.776    0.000000
550     0.018468339     0.011283430     329.743     43.367    247.303     148.726    0.020000
551     0.014290694     0.010876750     329.406     43.063    267.755     149.746    0.010000
552     0.022012442     0.011306083     322.323     42.698    270.577     149.543    0.020000
553     0.018243916     0.012874112     324.792     41.624    265.968     149.958    0.010000
554     0.020493269     0.011894020     330.650     44.181    263.391     149.361    0.010000
555     0.016489269     0.012806452     323.863     41.411    269.764     149.621    0.010000
556     0.020665117     0.011172016     329.267     43.779    268.014     148.785    0.010000
557     0.016250825     0.013440507     329.589     44.737    267.022     149.682    0.020000
558     0.015971137     0.013708238     321.605     40.963    275.259     149.996    0.010000
559     0.016844463     0.009971283     322.737     41.857    273.220     149.910    0.010000
560     0.022092976     0.011183306     321.269     40.917    272.062     149.782    0.010000
561     0.018584901     0.010581655     325.777     43.041    272.807     149.808    0.020000
562     0.020157319     0.014992697     324.388     42.655    272.283     148.946    0.000000
563     0.014715864     0.011250277     326.192     44.359    273.640     149.435    0.020000
564     0.019075168     0.013632022     323.600     40.665    279.868     149.487    0.010000
565     0.019704249     0.011952227     325.496     43.368    271.307     148.955    0.020000
566     0.017358022     0.015140743     325.481     41.714    276.250     149.192    0.000000
567     0.018480364     0.011649548     327.302     45.097    271.329     148.964    0.020000
568     0.017094506     0.013795834     331.751     47.055    264.095     149.923    0.010000
569     0.021810252     0.015254982     322.396     40.436    268.006     148.440    0.010000
570     0.016631071     0.011234626     326.835     42.405    269.856     148.589    0.010000
571     0.014633623     0.013080567     322.196     40.600    271.657     149.546    0.010000
572     0.018182950     0.010543341     326.572     41.983    270.742     149.788    0.010000
573     0.022390921     0.012495562     329.488     45.013    264.915     148.975    0.020000
574     0.018299190     0.015498485     330.857     43.602    262.908     148.604    0.020000
575     0.015983375     0.012042533     330.251     43.556    261.377     148.540    0.010000
576     0.016767522     0.011588095     319.298     39.725    264.672     148.503    0.010000
577     0.014299368     0.011107815     325.924     41.365    264.637     148.927    0.010000
578     0.017477296     0.012979197     324.926     42.278    271.085     149.749    0.010000
579     0.022512447     0.014755932     326.734     41.320    253.837     148.074    0.010000
580     0.014377912     0.010175223     327.632     41.637    270.323     149.349    0.020000
581     0.020864176     0.012811616     330.416     42.110    269.625     149.981    0.010000
582     0.023302108     0.012575508     337.960     44.267    272.165     149.919    0.010000
583     0.026377244     0.014293536     327.026     40.857    274.755     149.890    0.010000
584     0.022572953     0.011039775     326.650     40.664    269.732     148.974    0.020000
585     0.019087164     0.015211608     340.072     43.904    269.722     148.875    0.010000
586     0.015781384     0.016698362     324.252     39.799    262.744     148.380    0.020000
587     0.014616862     0.010806981     328.353     40.312    256.633     149.500    0.010000
588     0.024371993     0.011077028     330.202     41.344    257.630     149.225    0.010000
589     0.015473269     0.013546807     328.386     39.918    253.889     149.296    0.010000
590     0.016028222     0.012216395     322.867     39.093    253.225     149.848    0.010000
591     0.016768999     0.012707015     322.974     38.015    253.293     149.927    0.010000
592     0.021620756     0.012244896     325.358     38.132    249.014     149.197    0.020000
593     0.017326470     0.013468547     321.871     36.930    260.172     149.733    0.010000
