fNo.       mw1            mw2        best1.x[0]     best1.theta     best2.x[0]   best2.theta   t/frame
0     0.000000000     0.000000000     236.040     33.192    248.154     152.490    0.670000
1     0.045736801     0.013605247     239.130     149.331    340.817     33.157    0.030000
2     0.009517528     0.006882284     239.504     149.841    342.378     30.689    0.010000
3     0.009895463     0.009799569     240.020     149.615    329.420     31.071    0.030000
4     0.009636824     0.008666950     239.333     149.636    341.725     30.630    0.010000
5     0.009226338     0.008942248     238.619     149.757    340.197     30.925    0.020000
6     0.010099444     0.008777582     240.447     149.651    288.264     38.792    0.020000
7     0.009771038     0.012537451     243.977     149.837    294.688     45.601    0.020000
8     0.010789501     0.016192419     293.155     42.837    239.541     148.703    0.030000
9     0.007895485     0.005949107     289.812     41.526    240.509     149.825    0.010000
10     0.009568635     0.006090542     290.901     39.633    240.501     149.475    0.020000
11     0.010280523     0.005522204     294.594     40.987    239.252     149.735    0.020000
12     0.010194940     0.006605533     291.487     39.563    240.556     149.548    0.020000
13     0.009740029     0.005724535     294.624     39.347    241.248     149.483    0.020000
14     0.009096234     0.005928085     297.424     39.808    241.266     149.528    0.020000
15     0.008686456     0.006512478     303.139     40.725    240.958     149.175    0.020000
16     0.009111474     0.005886755     298.178     36.619    243.128     149.618    0.020000
17     0.008771882     0.005099422     301.235     38.805    243.867     149.813    0.010000
18     0.010528831     0.007354709     304.955     38.887    242.105     149.030    0.020000
19     0.008707456     0.005822161     309.249     40.345    248.493     149.250    0.030000
20     0.008424010     0.006608953     313.557     41.178    249.134     149.868    0.010000
21     0.010553932     0.006497136     312.207     40.430    250.150     149.998    0.020000
22     0.010530536     0.006291513     313.404     40.146    250.598     149.803    0.020000
23     0.010320934     0.006052823     312.247     39.398    253.293     149.816    0.020000
24     0.009624769     0.006349357     317.272     40.979    255.131     149.488    0.020000
25     0.009566943     0.006099259     317.523     40.482    255.292     149.910    0.020000
26     0.010378623     0.006249062     320.139     40.923    257.440     149.875    0.010000
27     0.010767082     0.006287576     315.504     39.474    261.282     149.655    0.030000
28     0.009229562     0.005501098     318.411     40.571    264.898     149.419    0.020000
29     0.008964987     0.006328395     319.030     40.424    266.584     149.868    0.020000
30     0.010083171     0.006166390     323.403     41.433    267.149     149.820    0.020000
31     0.010811437     0.006717192     320.427     40.342    268.554     149.476    0.010000
32     0.008868680     0.005912215     320.579     40.245    272.091     149.896    0.020000
33     0.010463524     0.005985651     321.613     39.745    271.777     148.999    0.020000
34     0.009629454     0.006174479     328.174     41.338    278.758     149.957    0.020000
35     0.011742332     0.006695197     330.444     41.757    274.377     149.770    0.030000
36     0.010493685     0.006222224     327.349     40.393    283.254     149.963    0.010000
37     0.010909290     0.005597809     330.579     40.827    279.193     149.551    0.020000
38     0.009333118     0.006229821     327.089     39.469    279.568     149.959    0.020000
39     0.010143692     0.005938129     331.357     40.066    283.496     149.641    0.020000
40     0.010556337     0.005927210     329.949     39.289    286.462     149.066    0.020000
41     0.007797092     0.005493540     329.736     38.728    286.902     149.369    0.010000
42     0.009583234     0.006088922     333.567     39.678    285.837     147.730    0.020000
43     0.006735800     0.006987038     329.726     37.432    287.884     148.893    0.020000
44     0.007692913     0.005722913     330.975     38.109    287.894     147.348    0.020000
45     0.005974606     0.005917565     335.073     39.117    286.680     149.043    0.020000
46     0.008348857     0.006484231     335.002     38.779    287.362     149.775    0.020000
47     0.010327834     0.006153917     331.783     37.783    287.691     148.359    0.020000
48     0.007275532     0.005654790     330.424     37.487    286.345     148.377    0.020000
49     0.007570953     0.006091941     332.355     37.715    287.628     148.954    0.010000
50     0.008018214     0.006124621     329.156     36.227    286.394     148.579    0.030000
51     0.007755938     0.005816618     328.644     36.348    286.256     147.304    0.020000
52     0.007471195     0.006838494     322.983     33.626    285.886     147.542    0.020000
53     0.007686734     0.006165970     333.140     37.822    286.215     147.718    0.010000
54     0.007430582     0.007739658     333.207     37.702    285.918     147.288    0.020000
55     0.006622748     0.005788790     334.110     37.980    267.889     143.764    0.020000
56     0.005160146     0.005835949     324.726     35.777    287.161     147.101    0.020000
57     0.007342642     0.005966523     328.896     36.816    286.579     146.971    0.030000
58     0.006783761     0.005941361     324.878     36.041    282.880     146.209    0.010000
59     0.006376622     0.005839639     326.451     36.356    287.569     147.041    0.010000
60     0.005946812     0.006221030     323.230     35.674    286.740     146.986    0.030000
61     0.006474128     0.006209427     319.767     34.573    287.839     146.768    0.020000
62     0.005936422     0.006070196     323.021     35.729    286.261     147.141    0.010000
63     0.006401692     0.006874350     310.807     31.692    285.560     147.002    0.010000
64     0.006489148     0.007769008     315.799     34.136    285.411     146.581    0.030000
65     0.006524596     0.007435702     318.817     35.064    286.782     147.731    0.020000
66     0.007055376     0.007288666     316.191     34.882    286.236     146.915    0.010000
67     0.006027366     0.006247964     315.354     33.217    287.797     146.475    0.020000
68     0.005698492     0.005807251     307.043     31.827    285.637     146.583    0.020000
69     0.006397851     0.007588950     305.980     31.497    287.418     146.551    0.020000
70     0.006152947     0.008158750     311.226     33.818    284.816     145.890    0.020000
71     0.005689596     0.006917825     305.361     31.868    287.200     146.027    0.020000
72     0.006785860     0.007210778     302.116     31.212    286.436     147.174    0.020000
73     0.007500062     0.008631568     310.936     33.343    286.975     146.282    0.020000
74     0.006207711     0.007237158     310.354     34.886    287.452     147.253    0.020000
75     0.006540743     0.006385307     306.108     33.562    287.051     146.583    0.020000
76     0.006243317     0.005946288     310.349     33.576    287.638     146.734    0.020000
77     0.006331564     0.006662374     304.314     33.838    286.640     146.383    0.020000
78     0.006647729     0.006884221     305.886     34.037    284.679     145.824    0.020000
79     0.005640416     0.006223372     300.030     31.625    284.843     146.549    0.010000
80     0.006578461     0.008070263     303.621     33.487    287.426     147.882    0.020000
81     0.008276312     0.006431891     302.841     33.666    286.839     147.166    0.030000
82     0.006466261     0.006466771     297.253     31.613    287.460     147.012    0.010000
83     0.006307439     0.006669594     301.380     33.367    287.660     145.435    0.020000
84     0.005499578     0.006602993     301.788     33.445    286.119     145.216    0.020000
85     0.006032513     0.006855738     300.340     33.603    287.416     147.012    0.020000
86     0.006442924     0.006287545     300.350     33.558    287.584     147.798    0.020000
87     0.007445111     0.007304716     298.788     33.072    286.893     146.837    0.020000
88     0.005350275     0.006675640     295.874     32.837    285.972     146.110    0.010000
89     0.005438107     0.006978060     294.448     31.223    287.222     147.968    0.020000
90     0.007608608     0.008661327     298.057     33.344    286.825     148.391    0.020000
91     0.007733295     0.006635332     295.796     32.751    284.251     146.145    0.020000
92     0.006785030     0.007092189     296.414     33.036    286.615     147.344    0.030000
93     0.006886656     0.007467739     298.366     33.736    287.889     148.192    0.020000
94     0.007644378     0.006331851     300.470     34.497    284.650     147.029    0.010000
95     0.006565816     0.006187212     299.178     34.205    286.972     148.593    0.020000
96     0.007503507     0.006337657     296.873     33.399    287.281     148.467    0.020000
97     0.008226028     0.005832260     300.523     34.463    283.068     147.245    0.020000
98     0.007311665     0.006094451     302.712     35.046    285.393     148.464    0.020000
99     0.008718943     0.006412469     296.409     33.290    284.706     148.812    0.010000
100     0.007609971     0.006477579     300.316     33.988    287.746     148.864    0.030000
101     0.009259005     0.006776750     299.420     31.904    284.702     149.383    0.020000
102     0.009907332     0.007131792     304.448     34.320    284.692     149.933    0.020000
103     0.012373891     0.006939227     306.457     34.226    276.868     148.629    0.010000
104     0.007024181     0.005667398     309.349     34.323    277.203     149.416    0.020000
105     0.010614966     0.006260326     309.139     33.752    271.919     149.623    0.020000
106     0.010523469     0.006025985     316.001     34.723    277.331     149.270    0.030000
107     0.008915581     0.006510829     309.616     32.936    265.417     149.001    0.010000
108     0.009330976     0.007055960     317.941     34.509    264.931     149.452    0.020000
109     0.009754102     0.006852761     315.405     31.844    262.038     149.499    0.020000
110     0.009180210     0.006722314     319.018     33.632    257.992     149.290    0.020000
111     0.007262829     0.006656898     323.903     34.767    259.152     149.389    0.010000
112     0.009160903     0.006482222     320.365     33.614    256.712     149.797    0.020000
113     0.011835872     0.006025283     321.431     33.406    253.534     148.959    0.020000
114     0.008416318     0.006686026     324.118     34.145    253.099     149.348    0.030000
115     0.009631668     0.006104401     325.063     34.308    257.522     149.958    0.020000
116     0.009326370     0.006380076     321.364     32.878    253.684     149.665    0.020000
117     0.009798879     0.006183966     322.386     33.575    254.108     148.577    0.010000
118     0.007520610     0.006431415     326.025     34.329    251.931     148.152    0.030000
119     0.007110955     0.006794493     325.467     34.485    254.275     148.842    0.010000
120     0.007691069     0.006195135     328.275     35.273    254.835     148.773    0.020000
121     0.008947939     0.006076103     317.865     32.533    255.385     148.348    0.020000
122     0.008440685     0.006734451     319.700     33.971    257.183     148.895    0.020000
123     0.008633910     0.006176967     319.261     33.605    262.146     149.950    0.020000
124     0.010906179     0.006373040     317.000     33.765    259.609     148.779    0.010000
125     0.009245139     0.006357721     321.023     34.729    263.343     148.846    0.020000
126     0.009740839     0.005805339     315.800     33.613    267.233     149.701    0.030000
127     0.009332581     0.006212069     314.499     33.398    265.633     149.456    0.010000
128     0.009657809     0.006421303     316.898     34.111    265.309     149.968    0.020000
129     0.011166712     0.006451522     313.533     33.346    265.867     149.753    0.020000
130     0.010168231     0.008032234     314.163     33.869    266.421     149.729    0.020000
131     0.010425684     0.005718719     313.130     33.321    267.461     149.750    0.020000
132     0.009097783     0.006189370     310.782     32.911    267.799     149.636    0.020000
133     0.008751514     0.006688184     309.937     32.838    269.707     148.741    0.020000
134     0.008055225     0.006675507     307.859     32.245    270.467     149.925    0.010000
135     0.010691077     0.008199923     311.509     33.060    267.997     149.744    0.020000
136     0.011686153     0.006680445     310.574     32.968    271.342     148.771    0.030000
137     0.007422857     0.006745768     311.877     33.005    270.015     149.904    0.020000
138     0.009298161     0.006942136     308.027     32.274    270.593     149.582    0.010000
139     0.009729041     0.006873948     307.590     30.817    269.939     149.471    0.020000
140     0.010011300     0.009351892     315.734     34.081    269.894     149.593    0.020000
141     0.009024845     0.007242058     311.754     33.206    276.447     149.365    0.030000
142     0.009265138     0.006878194     311.394     33.031    271.284     148.722    0.010000
143     0.007475790     0.006879056     313.538     33.258    271.852     149.741    0.020000
144     0.009824156     0.007260252     309.015     32.423    272.128     149.755    0.020000
145     0.009801942     0.007655546     314.232     33.832    269.275     148.738    0.020000
146     0.008912361     0.007421121     312.819     32.997    272.071     149.535    0.020000
147     0.009360167     0.007107803     310.257     33.027    270.212     148.779    0.020000
148     0.007562403     0.006242391     310.511     32.906    275.981     149.973    0.020000
149     0.010368410     0.006958173     308.785     31.239    275.352     149.628    0.020000
150     0.009683993     0.008935755     304.560     30.517    274.628     149.093    0.020000
151     0.008387382     0.009489427     310.190     33.186    276.016     149.593    0.010000
152     0.009333981     0.007807661     311.539     33.696    277.711     149.923    0.020000
153     0.010782398     0.006450537     309.077     32.941    278.295     149.788    0.030000
154     0.009768926     0.006985625     308.681     33.169    276.658     149.280    0.010000
155     0.009339591     0.006312479     311.164     33.400    280.474     149.685    0.010000
156     0.009748108     0.006582769     308.870     33.078    281.505     149.957    0.030000
157     0.011250462     0.006430564     310.684     33.454    278.490     149.830    0.020000
158     0.010053928     0.007232221     313.647     33.793    278.421     148.898    0.020000
159     0.008735136     0.006325117     313.322     33.928    277.488     148.839    0.020000
160     0.008237802     0.006115214     315.859     34.433    277.619     147.491    0.020000
161     0.006731568     0.006324479     308.943     32.667    280.875     149.932    0.010000
162     0.009800117     0.006458403     317.885     34.557    278.979     149.255    0.030000
163     0.010194548     0.006565763     315.046     34.122    279.932     148.365    0.020000
164     0.008218762     0.006061407     314.443     33.687    282.506     149.984    0.010000
165     0.012464021     0.006523468     309.212     32.498    275.598     147.018    0.020000
166     0.005665790     0.007856065     309.892     32.733    277.463     147.993    0.020000
167     0.008080968     0.007728201     316.657     33.900    282.427     149.441    0.020000
168     0.009577435     0.005691036     310.019     32.396    281.852     147.941    0.020000
169     0.006956569     0.007297636     308.321     32.120    281.770     148.438    0.010000
170     0.008416514     0.007706129     306.204     30.042    285.408     149.795    0.030000
171     0.010514219     0.009986607     314.814     33.034    281.982     149.643    0.020000
172     0.010137660     0.007360355     307.356     31.422    277.188     147.630    0.010000
173     0.007014560     0.007995100     310.519     31.853    274.182     146.549    0.020000
174     0.006012010     0.007463571     314.914     32.528    282.773     149.877    0.020000
175     0.010132740     0.007002811     315.844     32.719    283.425     149.555    0.020000
176     0.009358698     0.006380292     318.369     33.185    278.208     148.228    0.020000
177     0.006883378     0.007058800     312.582     31.545    278.374     148.656    0.020000
178     0.007340076     0.007780416     313.960     31.961    283.148     149.963    0.020000
179     0.013576286     0.007375537     280.753     149.496    312.605     31.232    0.020000
180     0.009717304     0.007869679     309.656     30.815    280.599     148.964    0.020000
181     0.008978040     0.009556135     317.394     32.300    279.780     149.274    0.020000
182     0.010122043     0.007589279     306.807     30.229    280.309     149.408    0.010000
183     0.009683488     0.011366427     313.163     31.525    279.982     149.196    0.020000
184     0.008569502     0.008357094     308.983     30.296    279.238     149.138    0.030000
185     0.008340042     0.010551109     314.870     31.624    281.963     149.728    0.010000
186     0.009693171     0.008168518     279.553     148.745    306.980     30.552    0.020000
187     0.008140172     0.010440887     311.420     31.045    280.110     148.978    0.020000
188     0.007217323     0.009142444     313.180     31.509    279.284     148.957    0.020000
189     0.008537384     0.008538235     313.139     30.869    279.995     148.725    0.020000
190     0.007889571     0.009641049     310.257     30.598    276.659     148.179    0.010000
191     0.007675375     0.008002670     312.737     30.678    283.352     149.286    0.030000
192     0.009009123     0.009882204     311.352     30.605    282.943     148.825    0.020000
193     0.007598091     0.008814882     306.981     30.024    282.227     148.913    0.020000
194     0.008137801     0.009869065     307.783     30.313    274.947     146.456    0.010000
195     0.006215170     0.010100121     310.025     30.552    281.280     148.678    0.020000
196     0.008148699     0.010681997     309.152     30.677    276.813     147.774    0.020000
197     0.006986032     0.009356266     311.471     31.187    279.738     147.851    0.020000
198     0.006776161     0.008194328     308.901     30.668    277.161     147.751    0.020000
199     0.006894026     0.009450931     310.951     31.101    281.646     148.840    0.020000
200     0.008667431     0.008454593     313.620     30.083    273.068     146.268    0.020000
201     0.005634840     0.011427358     312.068     31.358    277.461     147.515    0.010000
202     0.007710886     0.008239384     309.515     30.971    273.341     146.862    0.020000
203     0.006630051     0.008879410     310.510     30.711    271.027     145.609    0.030000
204     0.005633909     0.008574916     310.708     31.115    277.424     147.223    0.010000
205     0.006842256     0.008359505     279.025     147.733    310.214     31.182    0.020000
206     0.007703638     0.008279395     276.111     147.168    315.257     32.067    0.020000
207     0.006501107     0.008090410     278.691     147.414    312.417     31.521    0.020000
208     0.007429703     0.008293343     313.242     31.339    272.336     146.110    0.020000
209     0.005791633     0.008300903     314.010     31.233    283.047     148.879    0.020000
210     0.009970592     0.009490453     270.051     144.621    316.554     32.079    0.020000
211     0.005264290     0.008437549     315.550     31.508    284.883     147.728    0.010000
212     0.007169846     0.008137129     283.365     147.393    314.452     30.662    0.030000
213     0.007128165     0.009654501     276.503     146.912    313.572     30.019    0.020000
214     0.005795334     0.010369437     310.782     30.153    280.749     147.982    0.010000
215     0.007174727     0.010703347     278.108     147.547    313.637     30.146    0.030000
216     0.006938239     0.011092489     271.557     145.704    319.304     32.103    0.010000
217     0.005674351     0.007572732     283.794     147.580    317.563     30.567    0.020000
218     0.007338245     0.009222544     318.850     30.440    273.232     146.757    0.020000
219     0.005723168     0.009045063     316.762     30.024    277.530     147.446    0.020000
220     0.007160864     0.009910723     319.659     30.454    275.275     147.020    0.020000
221     0.006552157     0.010393275     320.093     30.490    273.547     146.516    0.010000
222     0.005935600     0.009730137     282.990     147.609    327.942     32.434    0.020000
223     0.007001012     0.007483246     329.139     31.803    275.906     147.115    0.030000
224     0.005704039     0.007699862     280.959     147.101    324.900     30.745    0.010000
225     0.006699689     0.009470853     320.419     30.120    267.564     144.414    0.020000
226     0.005648584     0.011803757     321.294     30.594    283.229     147.999    0.020000
227     0.009037568     0.009339959     322.109     30.003    281.276     147.351    0.020000
228     0.006543952     0.011805565     283.144     147.889    322.766     30.499    0.020000
229     0.008391884     0.008683075     283.092     147.773    325.276     31.657    0.020000
230     0.006796614     0.007993593     280.916     147.116    323.078     31.095    0.020000
231     0.006029802     0.008631065     324.943     31.303    270.335     145.204    0.010000
232     0.005713043     0.007943497     281.057     147.456    324.194     30.444    0.020000
233     0.007666689     0.010155864     270.137     145.185    324.117     31.204    0.020000
234     0.005522874     0.007648147     273.222     146.187    323.740     30.739    0.030000
235     0.007062115     0.009917986     271.126     145.577    323.734     30.756    0.010000
236     0.005712658     0.009179294     286.745     148.092    322.795     30.059    0.020000
237     0.008078104     0.010917864     275.022     146.328    320.718     30.389    0.020000
238     0.006308580     0.010461340     278.150     147.332    326.047     30.854    0.020000
239     0.006969299     0.009594402     268.975     143.940    321.728     30.469    0.020000
240     0.005287295     0.010617184     287.675     148.023    324.131     30.602    0.020000
241     0.009112374     0.009213638     281.408     147.503    323.585     30.846    0.010000
242     0.007245539     0.009150289     279.768     147.298    322.656     30.467    0.030000
243     0.006529101     0.010252119     280.669     147.524    321.753     30.138    0.020000
244     0.007019612     0.011524634     318.087     30.406    276.066     146.363    0.020000
245     0.006482481     0.011119086     279.125     146.356    318.914     30.086    0.010000
246     0.007056630     0.010448914     269.064     143.639    319.292     30.699    0.020000
247     0.005449977     0.010691819     315.178     30.001    269.223     143.495    0.020000
248     0.005735090     0.011956288     317.071     30.757    269.658     143.948    0.020000
249     0.006129667     0.008455869     316.380     30.280    270.081     143.593    0.020000
250     0.005710845     0.011428555     315.071     30.193    269.382     143.879    0.020000
251     0.005811565     0.011438876     314.753     30.357    273.211     144.589    0.020000
252     0.006265705     0.009804901     313.453     30.181    285.649     147.971    0.020000
253     0.008197885     0.008869452     315.003     30.840    265.808     142.455    0.020000
254     0.005131831     0.009254520     312.868     30.075    272.495     144.997    0.010000
255     0.006748929     0.011054828     311.317     30.218    282.901     147.388    0.030000
256     0.007693193     0.009598691     316.274     30.833    276.615     146.028    0.010000
257     0.005758388     0.009416242     315.761     30.678    283.427     147.828    0.020000
258     0.007425361     0.009082288     310.182     30.124    270.953     145.303    0.020000
259     0.005942120     0.012598421     316.018     30.375    264.577     143.307    0.020000
260     0.005440213     0.011086418     311.746     30.029    271.016     144.724    0.020000
261     0.005986179     0.011896712     312.387     30.039    262.517     142.911    0.020000
262     0.005367401     0.010640523     316.384     31.019    257.269     141.886    0.020000
263     0.006052591     0.009713073     313.074     30.394    261.418     143.253    0.020000
264     0.006336738     0.010832538     312.038     30.520    263.271     142.849    0.020000
265     0.005901260     0.009075738     311.330     30.022    252.616     139.559    0.010000
266     0.005443464     0.011237998     313.018     30.875    252.435     141.086    0.020000
267     0.005736563     0.008960953     307.171     30.108    249.059     139.190    0.030000
268     0.005309239     0.010486494     309.783     30.005    257.124     141.926    0.010000
269     0.006467320     0.009771804     312.239     30.614    248.145     139.798    0.020000
270     0.006062105     0.009656406     311.108     30.661    245.446     139.460    0.020000
271     0.005588663     0.009970742     309.638     30.086    248.759     142.078    0.020000
272     0.006447811     0.010227609     314.404     31.371    246.609     141.049    0.020000
273     0.005323143     0.007920848     307.735     30.280    231.070     137.771    0.020000
274     0.005439889     0.010214796     307.811     30.125    220.071     135.844    0.020000
275     0.005644170     0.010636713     305.789     30.292    213.416     135.370    0.020000
276     0.005825921     0.008827886     309.531     30.507    234.089     141.653    0.010000
277     0.009236821     0.009308443     305.353     30.994    254.756     147.768    0.030000
278     0.009465759     0.009348960     305.171     30.038    238.155     148.680    0.010000
279     0.007964797     0.011587408     307.858     30.287    237.676     149.607    0.020000
280     0.010424801     0.010227026     308.218     30.545    232.538     149.649    0.030000
281     0.010232838     0.008782622     306.212     30.255    234.298     149.833    0.010000
282     0.010199268     0.010399554     305.869     30.449    233.218     149.879    0.020000
283     0.010787420     0.009500550     310.247     31.060    228.720     149.991    0.020000
284     0.010235673     0.008441316     307.864     30.294    235.743     149.348    0.020000
285     0.008519656     0.010043414     307.294     30.582    235.012     149.902    0.020000
286     0.010663741     0.009267120     306.190     30.923    233.538     149.950    0.020000
287     0.011156108     0.009528456     305.188     30.379    233.969     149.754    0.010000
288     0.010413461     0.008736127     305.239     30.955    229.890     149.884    0.020000
289     0.011032884     0.009023495     307.270     30.265    221.740     149.453    0.020000
290     0.008584656     0.009695931     305.089     30.780    225.934     149.792    0.030000
291     0.009850946     0.008836023     302.625     30.075    226.374     149.671    0.010000
292     0.010838250     0.010551995     307.676     31.347    230.584     149.585    0.020000
293     0.009816572     0.008543028     302.993     30.568    229.688     149.844    0.020000
294     0.010231680     0.009357110     302.975     30.625    221.352     149.131    0.010000
295     0.008191337     0.009319652     307.545     31.843    223.360     149.876    0.020000
296     0.009727580     0.007810064     305.245     31.747    252.266     149.303    0.020000
297     0.008858128     0.007126009     302.085     30.375    213.742     148.587    0.020000
298     0.007277653     0.009124415     309.298     32.178    251.357     149.674    0.020000
299     0.011047597     0.007852345     304.844     31.429    241.330     149.286    0.020000
300     0.009581755     0.009247105     306.275     31.380    214.977     149.460    0.020000
301     0.009859752     0.007723084     307.315     32.198    243.603     149.814    0.020000
302     0.010397838     0.008009649     307.967     31.258    245.994     149.505    0.020000
303     0.009663657     0.007659640     304.559     31.421    232.028     149.569    0.020000
304     0.010711541     0.008813781     310.325     33.116    233.689     149.363    0.010000
305     0.007981258     0.006857623     310.132     32.924    232.742     149.876    0.030000
306     0.011414577     0.006598247     307.539     32.603    233.183     148.792    0.010000
307     0.007325294     0.006770876     303.201     31.479    229.500     148.664    0.020000
308     0.007642404     0.009119885     308.449     32.605    239.934     149.808    0.020000
309     0.010644126     0.006883816     303.898     31.991    233.708     149.708    0.020000
310     0.010486786     0.007891439     302.217     31.535    232.546     148.586    0.020000
311     0.007629265     0.008069748     306.237     32.359    228.628     148.195    0.020000
312     0.007124193     0.007349104     304.526     32.031    234.095     149.978    0.010000
313     0.010345686     0.007489146     306.746     32.539    221.865     149.629    0.030000
314     0.009558441     0.006678551     307.454     32.788    224.350     149.495    0.010000
315     0.009725751     0.007401837     308.724     32.855    232.433     149.798    0.020000
316     0.009998322     0.007099964     304.832     30.540    229.608     149.780    0.020000
317     0.009578098     0.009870515     311.582     32.147    227.979     149.936    0.020000
318     0.009170103     0.007530770     315.140     33.600    218.105     149.033    0.010000
319     0.009228964     0.006406983     311.628     32.514    221.619     149.984    0.030000
320     0.011231235     0.006573949     314.048     32.571    219.888     149.540    0.010000
321     0.010358212     0.006372468     317.990     33.226    219.734     149.173    0.030000
322     0.009243702     0.006493904     318.359     33.379    216.631     149.528    0.010000
323     0.009555927     0.006284865     321.750     33.739    218.125     149.991    0.020000
324     0.010788890     0.006245269     317.676     33.019    216.200     149.850    0.020000
325     0.010027078     0.007079745     317.696     32.600    216.075     147.099    0.020000
326     0.006580292     0.007321976     317.866     32.419    214.512     148.158    0.020000
327     0.007754062     0.007747473     318.959     33.208    216.623     148.418    0.010000
328     0.008179835     0.006558342     320.317     32.995    219.511     149.532    0.020000
329     0.010326385     0.006956934     320.399     33.584    258.430     149.086    0.020000
330     0.009217562     0.005941758     316.927     32.971    258.186     149.260    0.020000
331     0.008942037     0.006377604     320.220     33.546    260.426     149.091    0.010000
332     0.008897581     0.006411620     313.863     30.980    259.502     149.831    0.010000
333     0.010875164     0.008798883     320.334     33.442    259.401     149.323    0.030000
334     0.009023421     0.006950224     320.047     33.556    260.489     149.966    0.010000
335     0.011500235     0.006134243     321.638     33.704    261.351     149.754    0.030000
336     0.009508877     0.006819433     326.207     34.815    255.191     149.901    0.010000
337     0.011683194     0.007689484     324.680     34.120    260.782     149.237    0.020000
338     0.008656818     0.006049205     316.670     30.980    256.769     149.958    0.020000
339     0.009654865     0.007578117     329.079     34.667    261.819     149.771    0.020000
340     0.010758888     0.007970410     324.386     33.739    261.307     147.809    0.020000
341     0.006995397     0.006589731     327.644     33.913    262.136     148.894    0.010000
342     0.007727704     0.006686932     328.227     33.686    261.756     149.901    0.030000
343     0.010794639     0.006136307     330.036     34.399    261.817     149.341    0.010000
344     0.008651592     0.006631550     327.649     33.730    263.657     149.457    0.020000
345     0.009648679     0.006174488     328.607     33.736    259.268     148.635    0.020000
346     0.007489616     0.006247552     326.735     33.586    259.726     149.564    0.030000
347     0.009655095     0.006128810     320.872     32.284    265.405     149.567    0.010000
348     0.009112634     0.006983460     323.724     33.358    267.094     149.746    0.020000
349     0.010686449     0.008037835     317.319     31.632    267.604     149.244    0.010000
350     0.009253269     0.007401711     317.416     32.245    268.722     149.999    0.030000
351     0.010871703     0.006528584     316.475     31.748    267.213     149.024    0.010000
352     0.009135643     0.007484146     321.298     33.187    268.872     145.518    0.020000
353     0.005839539     0.006475972     318.663     32.709    270.237     149.784    0.020000
354     0.014199893     0.007347759     314.065     30.213    270.243     149.112    0.020000
355     0.009310575     0.009676239     318.108     32.171    270.867     148.326    0.020000
356     0.007646620     0.006935733     317.825     32.585    268.310     149.338    0.020000
357     0.009758902     0.007133530     321.116     33.141    268.092     149.826    0.010000
358     0.010404776     0.006560925     317.963     32.452    270.959     149.786    0.030000
359     0.010604807     0.008414991     321.902     33.788    270.526     147.899    0.020000
360     0.006992901     0.006752104     319.390     33.109    273.945     148.702    0.010000
361     0.008740040     0.006586537     318.234     33.283    274.041     149.441    0.030000
362     0.009589114     0.006888487     316.802     32.941    269.651     149.008    0.020000
363     0.007651767     0.006665120     315.848     32.462    272.484     149.956    0.010000
364     0.010883482     0.007040821     315.933     33.295    272.034     149.400    0.010000
365     0.009008942     0.006688516     313.658     32.799    273.252     149.601    0.030000
366     0.010014627     0.005896750     314.859     33.316    274.969     149.608    0.020000
367     0.010638214     0.006493005     317.237     34.356    273.298     149.895    0.020000
368     0.010227032     0.007326914     317.829     34.620    272.263     149.724    0.020000
369     0.009154932     0.006044832     310.784     32.917    274.264     149.858    0.010000
370     0.010771192     0.006790366     317.746     34.936    273.909     149.375    0.030000
371     0.008429680     0.006985179     317.066     34.572    276.286     149.406    0.010000
372     0.010376240     0.005414128     311.678     33.359    275.732     149.255    0.010000
373     0.009596917     0.006644882     316.681     34.299    272.092     149.990    0.020000
374     0.011322377     0.006183469     311.876     33.540    275.151     149.941    0.020000
375     0.010824015     0.006850828     313.428     32.605    271.804     149.583    0.020000
376     0.009595120     0.006941166     314.173     33.731    274.342     148.898    0.020000
377     0.007452910     0.006689558     319.488     34.994    272.870     149.932    0.020000
378     0.011316048     0.007159587     316.177     34.361    277.149     149.850    0.010000
379     0.010824664     0.006306924     317.518     33.681    271.586     149.897    0.020000
380     0.010147189     0.005699895     316.027     34.546    270.027     149.039    0.020000
381     0.009399532     0.007349614     320.613     35.274    272.379     149.544    0.020000
382     0.009079427     0.005898942     316.890     34.406    273.343     149.645    0.020000
383     0.009296113     0.006071792     315.699     34.288    272.688     149.869    0.020000
384     0.009739518     0.005763859     318.858     34.097    272.119     149.024    0.020000
385     0.008298830     0.006533655     311.868     32.064    271.895     149.717    0.010000
386     0.009541361     0.007139158     312.479     32.192    266.399     149.689    0.020000
387     0.009704766     0.006893492     316.538     34.062    268.626     149.249    0.020000
388     0.008781743     0.006727588     317.529     33.639    271.300     149.314    0.030000
389     0.008200364     0.006478369     316.613     33.114    270.298     149.056    0.010000
390     0.008226895     0.006918979     319.131     33.895    267.100     149.817    0.020000
391     0.010656738     0.006648437     319.113     33.872    270.722     149.721    0.020000
392     0.011834187     0.006108709     317.012     33.393    267.674     149.346    0.020000
393     0.008126127     0.006792026     320.189     34.171    267.943     149.948    0.020000
394     0.011912832     0.005688377     316.201     33.298    267.023     149.505    0.020000
395     0.008704181     0.006741614     321.349     34.762    267.339     149.713    0.020000
396     0.009778812     0.006108864     321.446     34.900    266.106     149.713    0.010000
397     0.010559726     0.006445350     317.978     35.097    273.922     149.806    0.030000
398     0.009413227     0.006059874     323.310     35.426    271.351     149.570    0.010000
399     0.010017957     0.005581017     315.656     33.324    270.256     148.941    0.020000
400     0.009637913     0.006299446     322.744     34.921    269.694     149.469    0.020000
401     0.009760780     0.006164091     312.654     32.503    268.082     148.396    0.020000
402     0.007437127     0.006253497     320.238     34.317    269.132     148.499    0.020000
403     0.007765228     0.006897731     321.553     34.369    270.340     149.643    0.010000
404     0.011710577     0.006750345     319.590     33.839    266.242     149.134    0.020000
405     0.007896281     0.006294357     314.794     32.738    267.872     149.775    0.030000
406     0.010683367     0.006981492     320.687     34.014    270.786     149.579    0.010000
407     0.008791277     0.006304935     318.944     33.518    269.412     148.684    0.020000
408     0.008726411     0.007010222     321.141     34.066    268.942     148.901    0.030000
409     0.008704301     0.006040891     323.065     34.635    265.446     149.184    0.010000
410     0.008262057     0.006762957     322.563     34.337    268.005     149.422    0.020000
411     0.010608675     0.006258900     323.204     33.885    267.918     149.914    0.020000
412     0.010669323     0.006094498     323.178     34.253    261.855     149.565    0.020000
413     0.010590131     0.006024499     323.483     33.713    267.106     149.637    0.020000
414     0.008991520     0.005775457     324.609     34.193    267.947     149.999    0.020000
415     0.011232596     0.006479117     318.123     32.752    267.476     149.903    0.010000
416     0.010390159     0.006866206     318.042     32.530    262.543     149.802    0.030000
417     0.011494770     0.007127254     322.501     33.655    263.414     149.952    0.020000
418     0.012928795     0.005713761     319.021     34.334    269.358     149.791    0.020000
419     0.010350419     0.005908291     319.539     33.161    268.300     149.928    0.010000
420     0.010423415     0.007381010     321.206     35.383    263.604     148.959    0.020000
421     0.009379898     0.006696403     322.995     35.515    267.828     149.433    0.020000
422     0.009894484     0.005944120     322.169     35.883    266.710     149.900    0.020000
423     0.010746676     0.006202751     317.333     33.466    267.104     149.331    0.020000
424     0.010562239     0.006266186     314.216     32.815    263.645     149.395    0.020000
425     0.008810584     0.006711865     319.996     34.914    263.076     149.767    0.020000
426     0.010158323     0.006543344     317.026     35.482    267.628     149.540    0.020000
427     0.008560987     0.005951372     316.549     35.733    261.979     148.899    0.010000
428     0.007907925     0.006264966     312.487     33.183    260.674     149.653    0.020000
429     0.009505511     0.005939408     318.869     35.108    267.756     149.880    0.020000
430     0.009348646     0.006159370     314.172     35.954    265.944     148.929    0.030000
431     0.007278876     0.006155835     313.582     34.340    267.030     149.754    0.010000
432     0.009612123     0.006375235     314.265     35.945    265.459     149.551    0.020000
433     0.009512329     0.006668440     312.991     36.125    264.256     149.604    0.020000
434     0.010832814     0.006287916     313.719     36.781    256.934     148.925    0.020000
435     0.008893347     0.006168499     311.443     36.241    262.028     148.960    0.020000
436     0.009040221     0.005656659     312.970     35.181    260.903     148.040    0.020000
437     0.007958098     0.005859398     313.774     37.561    265.107     149.765    0.010000
438     0.009821368     0.006457403     312.825     37.675    260.550     149.057    0.020000
439     0.008944971     0.006313206     308.123     34.664    264.021     149.367    0.030000
440     0.008985276     0.005816882     312.956     38.339    260.704     149.360    0.010000
441     0.009483423     0.006787864     308.308     35.250    265.612     149.868    0.020000
442     0.011381883     0.006043309     310.731     37.811    262.968     149.300    0.020000
443     0.007670015     0.007851966     308.826     35.766    260.736     149.840    0.020000
444     0.010432836     0.005392169     314.078     38.048    259.091     149.659    0.030000
445     0.009932728     0.007250497     314.188     38.350    264.329     149.938    0.010000
446     0.011183381     0.006277881     308.977     38.310    267.625     149.303    0.020000
447     0.008769820     0.005847153     307.674     36.315    264.977     149.781    0.020000
448     0.010434350     0.005309850     308.958     38.030    264.565     149.948    0.020000
449     0.011212868     0.006698261     313.488     39.504    263.066     149.849    0.010000
450     0.010383129     0.006589039     314.575     39.068    263.003     149.925    0.020000
451     0.010325582     0.006289906     312.638     39.418    262.593     149.755    0.020000
452     0.009831821     0.005374230     309.358     37.007    259.818     149.101    0.030000
453     0.009234359     0.005767023     311.261     39.321    264.191     149.873    0.010000
454     0.011183104     0.007240186     315.590     37.341    253.995     149.302    0.020000
455     0.008754184     0.005457697     314.015     37.448    258.102     149.076    0.020000
456     0.009832310     0.006160251     316.800     41.500    257.642     149.304    0.020000
457     0.008895596     0.009288654     315.696     40.931    261.258     149.628    0.010000
458     0.009938421     0.006414666     311.427     37.944    260.951     149.653    0.030000
459     0.009379462     0.005758888     313.030     40.364    255.470     149.708    0.020000
460     0.010452882     0.007058812     314.052     39.835    257.312     149.889    0.010000
461     0.009680568     0.005690905     317.026     39.424    259.289     149.980    0.020000
462     0.011189104     0.005313853     313.045     37.966    257.755     149.732    0.020000
463     0.009061880     0.005486572     315.017     39.612    259.018     149.418    0.020000
464     0.010263289     0.006315422     314.822     40.150    259.221     149.807    0.020000
465     0.010519190     0.005895013     320.092     40.169    262.325     149.152    0.020000
466     0.009041765     0.006071717     317.644     40.491    262.791     149.946    0.010000
467     0.010618753     0.006461986     315.400     40.086    264.381     149.930    0.030000
468     0.010774345     0.005940663     319.731     41.362    262.474     149.974    0.020000
469     0.011656024     0.005888551     316.438     40.310    261.988     149.946    0.010000
470     0.010147187     0.005587871     317.604     40.147    265.646     149.674    0.020000
471     0.009929939     0.005995554     316.915     39.940    262.719     149.836    0.020000
472     0.011330164     0.005899692     318.610     40.176    265.426     149.881    0.020000
473     0.011681233     0.006339337     319.409     40.208    267.694     149.735    0.020000
474     0.010389666     0.005628720     323.693     41.074    263.058     149.715    0.010000
475     0.009118825     0.006244823     325.677     41.849    260.533     149.979    0.020000
476     0.011943038     0.006455321     322.960     39.613    269.562     149.947    0.020000
477     0.009777179     0.005734470     325.710     41.696    265.785     149.340    0.020000
478     0.008609780     0.007522297     325.623     41.552    260.787     149.129    0.020000
479     0.008851102     0.006342615     326.234     41.980    268.136     149.431    0.020000
480     0.009512208     0.006392240     319.149     40.008    267.838     149.191    0.020000
481     0.008865963     0.005526661     325.615     41.373    269.212     149.951    0.020000
482     0.010937713     0.005953279     320.014     39.030    270.497     149.283    0.020000
483     0.008356607     0.004912898     326.377     41.593    268.901     149.562    0.020000
484     0.009071952     0.006247842     326.074     41.497    269.794     149.602    0.010000
485     0.009565816     0.005533132     326.596     41.644    264.101     149.871    0.020000
486     0.009458527     0.005907772     327.093     41.387    270.410     149.535    0.020000
487     0.009615751     0.005867396     326.562     41.185    268.738     149.731    0.020000
488     0.010232090     0.006271953     320.478     40.801    269.827     149.968    0.020000
489     0.011922794     0.006294791     321.826     41.293    273.722     149.928    0.020000
490     0.010116956     0.006003623     322.496     41.508    268.585     149.248    0.020000
491     0.008180362     0.006330006     322.092     41.446    271.279     149.737    0.020000
492     0.009881059     0.006088559     321.362     40.274    269.424     149.971    0.010000
493     0.012673235     0.006047850     322.257     40.512    273.363     149.928    0.020000
494     0.010282734     0.006431118     327.370     43.071    268.825     149.552    0.030000
495     0.009730118     0.007896401     321.275     40.336    271.164     149.787    0.010000
496     0.010676946     0.005606947     327.384     43.792    268.824     149.517    0.020000
497     0.009108196     0.007823391     325.722     41.897    271.790     149.324    0.020000
498     0.009401614     0.005700194     325.849     42.398    267.205     149.965    0.020000
499     0.012298564     0.006303599     326.116     42.744    269.429     149.373    0.020000
500     0.009032145     0.006228007     327.716     44.288    270.962     149.823    0.020000
501     0.010641123     0.006816889     325.817     42.544    268.405     149.962    0.020000
502     0.010511152     0.005558330     320.730     40.733    269.599     149.782    0.010000
503     0.010303140     0.006053572     324.778     42.210    272.180     149.836    0.030000
504     0.009589010     0.006027660     319.924     40.484    269.036     149.591    0.010000
505     0.009892082     0.005692330     326.517     42.727    275.459     149.938    0.020000
506     0.009856783     0.007644215     320.537     40.676    269.079     149.826    0.020000
507     0.009242109     0.005480323     325.988     42.929    272.287     149.742    0.020000
508     0.008836568     0.007263800     326.556     42.825    270.534     149.883    0.010000
509     0.009535107     0.006986637     322.270     43.327    263.354     149.654    0.030000
510     0.009919429     0.005492917     326.653     43.297    268.386     149.603    0.010000
511     0.008489509     0.005962336     326.493     43.337    269.703     149.919    0.020000
512     0.008490359     0.006204407     320.344     40.512    270.516     149.869    0.030000
513     0.010540421     0.005780960     326.628     43.239    269.591     149.643    0.010000
514     0.009944192     0.007358942     322.672     41.524    269.309     149.161    0.020000
515     0.008343061     0.006047236     327.354     44.032    267.151     148.927    0.020000
516     0.008102478     0.007193145     327.042     43.528    266.238     149.877    0.020000
517     0.010126175     0.005660295     322.532     43.780    268.544     149.555    0.020000
518     0.010393310     0.006487305     327.399     44.298    267.769     149.107    0.020000
519     0.008757079     0.005988383     327.626     44.248    266.703     149.267    0.010000
520     0.009265658     0.005918726     320.126     40.474    269.954     149.908    0.020000
521     0.011371236     0.005696053     322.849     43.954    269.019     149.763    0.020000
522     0.009899138     0.006922821     320.549     40.688    268.900     149.931    0.020000
523     0.012646433     0.005485906     326.729     43.352    268.615     149.738    0.020000
524     0.010660940     0.007794036     328.470     44.397    259.125     149.663    0.020000
525     0.010243959     0.006951353     321.377     43.224    267.552     149.577    0.020000
526     0.009414395     0.005656493     326.748     43.760    266.815     149.169    0.010000
527     0.008863537     0.006006842     327.174     44.009    265.991     149.689    0.030000
528     0.009795940     0.006292958     328.321     44.469    270.697     149.941    0.010000
529     0.010841387     0.006100322     322.705     43.624    265.714     149.848    0.020000
530     0.009402610     0.005903924     326.875     43.927    267.023     149.188    0.030000
531     0.009237704     0.006175002     324.114     44.510    269.637     149.921    0.000000
532     0.009639031     0.005811249     323.773     44.184    265.191     149.927    0.030000
533     0.010291244     0.005663536     328.157     43.852    268.105     149.264    0.020000
534     0.009674829     0.006292010     328.749     43.965    266.759     149.305    0.020000
535     0.009138698     0.006513829     329.090     45.848    268.766     149.908    0.010000
536     0.010938542     0.007299194     323.662     43.644    263.953     149.179    0.020000
537     0.009323059     0.005523355     328.319     43.845    267.404     149.287    0.020000
538     0.010181824     0.006070728     329.061     43.888    262.370     149.686    0.020000
539     0.010048483     0.005875273     323.102     43.059    262.933     148.942    0.020000
540     0.008128323     0.005763818     328.711     43.280    266.351     149.579    0.010000
541     0.009082925     0.005999478     328.310     43.043    250.659     148.750    0.030000
542     0.007993577     0.005726047     329.945     43.890    264.039     149.492    0.020000
543     0.009799956     0.006393572     325.781     43.773    268.722     149.675    0.010000
544     0.010508073     0.005875880     323.220     42.778    262.113     149.690    0.020000
545     0.009945245     0.005762432     330.151     44.530    260.679     149.821    0.020000
546     0.009863319     0.006440579     324.703     43.441    261.139     149.143    0.020000
547     0.008861534     0.005736340     331.677     43.911    257.952     149.635    0.010000
548     0.010044128     0.006238807     332.409     44.654    255.675     149.729    0.030000
549     0.009897839     0.006420190     330.399     43.646    254.591     149.820    0.020000
550     0.012372328     0.006143237     327.770     42.979    265.773     149.974    0.010000
551     0.011738556     0.005921917     329.086     43.099    263.832     149.900    0.020000
552     0.011379994     0.006172170     329.690     43.712    266.128     149.812    0.020000
553     0.010594886     0.006526133     328.805     43.149    266.304     149.760    0.010000
554     0.010967372     0.005530121     330.431     43.984    266.697     149.968    0.030000
555     0.011145824     0.005958160     321.929     40.649    272.831     149.679    0.010000
556     0.009714463     0.005382817     328.993     43.906    262.767     149.899    0.030000
557     0.010609323     0.007489459     324.337     42.453    271.016     149.927    0.010000
558     0.011146680     0.005794656     323.552     41.677    270.610     149.327    0.020000
559     0.009269345     0.005821127     320.976     41.227    273.216     149.569    0.010000
560     0.009742325     0.005419719     321.190     40.926    272.603     149.714    0.030000
561     0.009408456     0.005877780     324.335     43.229    272.535     149.035    0.020000
562     0.007764633     0.006191352     327.469     44.624    272.766     149.464    0.020000
563     0.011182099     0.007052958     327.720     45.258    271.661     149.972    0.010000
564     0.010285270     0.006277074     322.771     42.490    271.952     147.216    0.020000
565     0.005835272     0.005088132     328.709     45.615    271.888     149.383    0.020000
566     0.011457692     0.007674996     328.086     45.252    272.257     148.205    0.020000
567     0.007326555     0.005839175     329.077     45.694    272.319     149.667    0.010000
568     0.010091613     0.005790741     326.864     44.101    274.349     149.448    0.020000
569     0.010307678     0.005219353     326.450     44.504    274.149     149.685    0.010000
570     0.009326638     0.006059885     324.576     43.308    272.854     149.918    0.030000
571     0.010861656     0.005194582     327.947     44.881    274.627     149.952    0.010000
572     0.010793547     0.006213931     327.180     44.377    272.741     149.860    0.020000
573     0.010120995     0.005708326     328.406     44.641    272.036     149.685    0.030000
574     0.008962820     0.006171304     329.007     42.753    271.469     149.177    0.020000
575     0.009544588     0.005776998     324.915     45.146    269.025     149.993    0.010000
576     0.009540915     0.007287975     326.007     41.351    269.039     149.909    0.020000
577     0.009724309     0.005588197     328.937     42.203    265.872     149.722    0.010000
578     0.009234317     0.006048374     326.807     45.337    274.142     149.745    0.020000
579     0.010407486     0.007976701     328.783     42.270    254.097     148.028    0.020000
580     0.006705383     0.005760195     326.934     41.128    258.116     149.289    0.030000
581     0.008976708     0.005106209     327.605     41.371    256.159     149.087    0.020000
582     0.008310285     0.005633718     328.795     41.537    269.903     149.844    0.020000
583     0.009788974     0.006110265     341.373     45.366    253.246     149.154    0.010000
584     0.008245870     0.007764243     327.189     40.927    265.298     149.739    0.020000
585     0.010994731     0.005334055     328.900     41.302    272.556     149.914    0.020000
586     0.010622738     0.005643196     329.144     42.072    269.423     149.877    0.010000
587     0.009370777     0.007194702     330.050     40.893    261.013     149.971    0.020000
588     0.011982700     0.005999891     327.499     40.055    257.964     149.557    0.020000
589     0.009183122     0.005721058     329.569     40.569    256.053     149.977    0.030000
590     0.012366222     0.005816340     326.921     38.861    264.589     149.951    0.010000
591     0.010292990     0.005921927     329.751     40.112    251.452     149.477    0.020000
592     0.008734317     0.006508232     326.683     38.470    250.123     149.456    0.010000
593     0.009956574     0.005246938     323.664     37.508    262.770     149.817    0.020000
