fNo.       mw1            mw2        best1.x[0]     best1.theta     best2.x[0]   best2.theta   t/frame
0     0.000000000     0.000000000     311.226     41.148    234.598     151.650    0.310000
1     0.036391184     0.021982396     316.954     39.123    219.905     148.277    0.010000
2     0.014979861     0.009897741     311.270     40.414    224.936     149.721    0.010000
3     0.021831989     0.012418935     309.804     36.624    223.984     149.095    0.010000
4     0.016157972     0.012766906     315.973     39.647    228.179     149.610    0.020000
5     0.023412639     0.014716915     315.579     41.867    230.646     149.731    0.020000
6     0.022497045     0.017393606     311.935     37.484    230.620     149.865    0.000000
7     0.020129591     0.011572807     314.435     41.414    219.697     149.402    0.010000
8     0.018870100     0.016986052     319.266     43.100    226.409     148.952    0.010000
9     0.017563296     0.012214469     316.014     41.205    220.973     149.377    0.010000
10     0.018557072     0.011600282     316.483     38.892    232.673     149.858    0.010000
11     0.019638417     0.011086977     300.009     40.154    258.303     148.346    0.010000
12     0.013890990     0.014225014     297.185     37.963    251.882     148.064    0.020000
13     0.013693045     0.010870404     299.979     37.626    255.373     147.140    0.010000
14     0.013798915     0.010879831     300.841     41.508    257.823     149.917    0.010000
15     0.022487484     0.018329775     298.701     38.851    252.291     148.855    0.020000
16     0.014340851     0.013213476     296.366     40.042    256.036     149.399    0.010000
17     0.022168322     0.013517985     299.979     41.874    256.617     149.498    0.010000
18     0.019074213     0.015544974     300.767     37.990    254.325     149.277    0.010000
19     0.017811498     0.009394162     296.741     38.416    249.978     149.701    0.010000
20     0.018991943     0.012272405     298.118     38.513    249.422     149.827    0.010000
21     0.020504363     0.011977940     302.488     38.213    253.730     149.762    0.010000
22     0.023035569     0.012056049     299.865     37.196    246.648     149.158    0.010000
23     0.019461976     0.010904649     304.169     40.317    243.168     148.621    0.020000
24     0.015780842     0.016754109     299.291     40.132    246.577     149.459    0.010000
25     0.019180248     0.010771898     307.718     38.868    246.240     149.618    0.010000
26     0.028831786     0.010056519     301.131     39.966    244.844     149.595    0.010000
27     0.022682030     0.011778465     304.061     38.783    238.575     149.798    0.010000
28     0.019616665     0.011174481     303.417     40.063    234.600     149.570    0.010000
29     0.021232115     0.012482672     305.000     40.576    236.273     149.689    0.020000
30     0.019620091     0.013090597     308.318     41.425    234.108     149.597    0.010000
31     0.021069152     0.012310545     310.727     37.752    229.617     149.356    0.010000
32     0.017155651     0.011932189     313.164     42.658    229.065     149.255    0.010000
33     0.015772214     0.019068522     310.146     41.333    231.195     149.533    0.010000
34     0.021285964     0.011965385     310.004     41.357    220.515     149.345    0.010000
35     0.020115441     0.012878946     308.551     40.598    230.995     149.790    0.020000
36     0.019308278     0.011139244     307.998     36.572    221.099     149.189    0.010000
37     0.018352764     0.011262578     313.426     42.172    219.681     149.767    0.010000
38     0.024646591     0.017509911     311.050     40.813    217.991     149.275    0.010000
39     0.022072759     0.011134001     314.304     42.235    222.975     148.350    0.020000
40     0.014039115     0.012960954     312.006     40.859    220.477     149.545    0.000000
41     0.018453421     0.011400403     312.988     41.137    229.299     149.737    0.010000
42     0.020667451     0.013456102     313.762     41.286    218.724     148.661    0.020000
43     0.016182452     0.012846822     313.062     40.334    229.737     149.785    0.000000
44     0.024511714     0.011216544     318.804     41.007    227.330     148.586    0.020000
45     0.015513078     0.012856772     314.081     40.597    229.199     149.837    0.010000
46     0.017765179     0.013227599     317.452     41.953    228.787     148.469    0.020000
47     0.014991326     0.012424875     320.799     38.797    229.485     149.587    0.000000
48     0.019696357     0.011661171     316.339     41.178    222.919     149.967    0.010000
49     0.021016141     0.014285263     319.329     39.461    225.044     148.796    0.010000
50     0.017903233     0.011890544     317.875     41.302    226.905     149.892    0.010000
51     0.024024341     0.017081719     321.039     39.752    233.230     149.641    0.020000
52     0.020785322     0.011620435     318.847     41.283    227.338     149.516    0.010000
53     0.020139754     0.013820461     317.630     40.216    236.863     149.515    0.010000
54     0.019938426     0.011293692     320.166     40.929    233.838     149.197    0.010000
55     0.014830987     0.012311285     327.598     43.362    230.398     149.690    0.020000
56     0.019548062     0.013770985     323.354     41.630    234.985     149.505    0.000000
57     0.019260021     0.011296309     324.931     41.368    236.929     149.618    0.010000
58     0.022059258     0.011548273     320.436     38.559    238.575     149.850    0.010000
59     0.018912561     0.009722112     328.484     42.015    236.897     149.719    0.020000
60     0.020715551     0.013459091     323.821     39.782    235.998     149.502    0.010000
61     0.019808836     0.011711422     325.312     40.014    237.115     149.230    0.010000
62     0.016623385     0.011811012     325.211     39.349    238.669     148.795    0.010000
63     0.014386597     0.011745191     328.117     40.081    244.130     149.346    0.010000
64     0.016378248     0.013037341     325.559     39.006    238.221     148.935    0.020000
65     0.015302223     0.010146686     327.608     38.864    247.227     148.652    0.010000
66     0.016864153     0.013293014     325.976     38.245    240.451     148.318    0.010000
67     0.016638637     0.013655937     332.638     40.090    240.154     148.804    0.010000
68     0.016485630     0.015284198     328.444     37.744    250.144     148.946    0.010000
69     0.015654450     0.012456546     335.693     40.055    252.096     149.261    0.020000
70     0.016485920     0.013743507     335.700     35.631    248.795     149.698    0.000000
71     0.018501561     0.011748848     331.283     38.060    249.814     149.990    0.000000
72     0.018433478     0.014275717     336.196     35.055    261.023     149.383    0.020000
73     0.017712312     0.010313506     330.188     36.759    256.514     149.826    0.010000
74     0.026463952     0.014756572     332.434     36.940    256.484     148.207    0.010000
75     0.013557187     0.011369138     338.206     38.637    264.627     149.993    0.020000
76     0.021026695     0.014070411     339.144     38.758    258.793     149.583    0.000000
77     0.023917049     0.013036153     339.269     38.563    259.925     149.613    0.020000
78     0.020769199     0.011954784     340.368     38.792    271.234     149.870    0.010000
79     0.018814022     0.011773323     336.413     37.009    259.204     148.792    0.010000
80     0.014688105     0.011493892     342.284     39.030    264.618     149.678    0.010000
81     0.018007459     0.010948400     334.285     35.521    266.850     149.933    0.010000
82     0.020458193     0.010330239     338.363     37.207    263.733     149.638    0.020000
83     0.018858852     0.012519962     337.986     36.642    271.568     149.165    0.010000
84     0.018359339     0.011007263     340.432     36.980    264.305     148.502    0.000000
85     0.015631994     0.012934479     338.027     36.456    268.172     149.402    0.020000
86     0.018318778     0.011370305     335.049     35.172    259.270     147.437    0.010000
87     0.012908033     0.011241244     337.266     36.170    264.942     148.229    0.010000
88     0.013827337     0.010992247     336.305     35.469    258.531     144.903    0.010000
89     0.010249333     0.012189141     338.125     35.667    265.695     148.701    0.010000
90     0.018732004     0.012299579     342.751     37.058    261.829     147.181    0.020000
91     0.013602704     0.012446200     337.668     35.717    268.406     149.763    0.010000
92     0.022118356     0.011591148     340.976     34.779    262.255     146.809    0.010000
93     0.011962376     0.011927661     338.423     35.704    262.331     146.170    0.010000
94     0.013457038     0.012722008     341.860     33.301    267.605     148.767    0.010000
95     0.020382484     0.015561676     343.494     37.075    265.909     147.488    0.010000
96     0.013312072     0.017536268     341.120     32.922    264.364     147.228    0.020000
97     0.011513174     0.014684509     343.927     37.151    266.318     147.313    0.010000
98     0.012910058     0.014592925     335.705     32.686    265.861     146.962    0.010000
99     0.014558058     0.013959968     342.373     35.240    266.687     146.843    0.010000
100     0.012015468     0.011984815     341.198     36.023    262.952     146.670    0.010000
101     0.012397785     0.013819845     341.829     33.355    257.416     144.302    0.020000
102     0.010906044     0.013271178     342.108     33.272    270.853     147.886    0.000000
103     0.016402040     0.013979604     341.882     34.623    267.326     146.920    0.010000
104     0.013658060     0.012380003     343.232     35.856    260.401     145.109    0.020000
105     0.011545453     0.013770673     343.009     34.598    257.002     143.024    0.010000
106     0.009890646     0.013554878     342.783     34.835    261.180     144.961    0.010000
107     0.012024554     0.012329579     342.400     36.684    256.234     142.581    0.010000
108     0.010302200     0.011511057     341.893     34.491    256.864     143.085    0.010000
109     0.012022219     0.012300408     340.172     32.253    249.790     140.381    0.020000
110     0.010183548     0.015072787     341.966     34.064    259.722     144.726    0.010000
111     0.016602660     0.012667726     342.864     36.119    251.851     141.500    0.010000
112     0.010586065     0.012747966     342.129     32.689    259.417     142.959    0.010000
113     0.011239660     0.012062931     342.984     34.275    256.374     142.447    0.010000
114     0.009796977     0.014129704     343.606     33.416    263.516     144.810    0.010000
115     0.012392619     0.012360032     343.964     32.913    259.953     144.137    0.020000
116     0.013036270     0.015505248     341.539     32.271    258.648     143.767    0.010000
117     0.010853257     0.013754218     343.705     32.693    241.626     137.669    0.010000
118     0.010074223     0.013139019     343.222     34.813    246.599     140.529    0.010000
119     0.012759292     0.013178479     341.729     32.688    247.230     139.930    0.010000
120     0.010695248     0.013146851     343.234     32.307    231.267     135.874    0.010000
121     0.010403754     0.013044041     343.910     32.792    239.423     139.421    0.020000
122     0.013687082     0.013750345     342.246     32.806    233.813     138.079    0.000000
123     0.011172987     0.013373764     342.931     33.078    218.446     133.127    0.010000
124     0.011015857     0.014429150     340.346     30.782    221.941     135.726    0.010000
125     0.013602357     0.016013213     342.408     31.792    215.853     134.327    0.020000
126     0.009527499     0.015026461     339.612     31.013    217.547     136.110    0.010000
127     0.014494488     0.017987572     339.845     30.479    217.643     137.406    0.010000
128     0.013547547     0.018772023     339.913     30.251    224.219     141.623    0.020000
129     0.014503541     0.021204092     343.892     31.725    246.149     146.502    0.010000
130     0.015756819     0.016554590     343.406     30.976    247.658     149.909    0.010000
131     0.027016219     0.016315060     343.103     31.106    237.881     148.729    0.010000
132     0.016961588     0.014698771     343.705     31.685    242.933     149.744    0.010000
133     0.024735393     0.012564041     343.025     30.395    251.888     149.789    0.010000
134     0.020461755     0.027457885     341.004     30.005    265.228     149.847    0.010000
135     0.018624360     0.022977691     340.645     30.181    259.974     149.723    0.010000
136     0.018395750     0.023359738     341.994     30.090    262.599     149.739    0.020000
137     0.017918352     0.023780426     342.537     30.395    252.319     149.567    0.000000
138     0.017071133     0.020803858     342.958     30.681    250.763     149.878    0.020000
139     0.016322976     0.020266220     337.717     31.029    250.313     149.975    0.010000
140     0.022572741     0.018229097     343.013     31.414    267.621     149.480    0.010000
141     0.021915469     0.015926078     343.132     30.317    263.623     149.792    0.010000
142     0.024428988     0.017379941     342.890     30.629    258.911     149.940    0.020000
143     0.025180085     0.022820015     343.131     30.795    268.420     149.714    0.010000
144     0.019578774     0.018062457     339.789     30.319    257.790     149.626    0.010000
145     0.021639649     0.018727355     342.825     30.274    262.849     149.832    0.010000
146     0.020139879     0.030044425     340.644     30.422    268.537     149.425    0.010000
147     0.016314482     0.020370929     264.512     149.786    340.228     31.240    0.010000
148     0.018988719     0.019384770     342.908     30.259    258.446     149.869    0.010000
149     0.016598469     0.019907810     343.928     31.316    262.147     149.888    0.020000
150     0.017387141     0.015314150     340.182     30.231    270.296     149.576    0.010000
151     0.019736309     0.021019002     264.141     149.064    332.260     30.160    0.010000
152     0.014230709     0.019428922     340.044     30.231    270.450     149.774    0.010000
153     0.020664630     0.022169698     342.404     30.877    266.098     148.835    0.020000
154     0.015538999     0.018637963     343.495     30.971    271.345     149.771    0.010000
155     0.022340983     0.020325694     340.469     30.479    270.681     149.855    0.000000
156     0.021733474     0.016685899     342.889     31.259    268.130     148.872    0.020000
157     0.014373884     0.016422037     342.914     30.765    270.660     149.678    0.010000
158     0.020336470     0.013798922     275.033     149.090    335.925     30.329    0.020000
159     0.017359825     0.019717969     339.656     30.721    275.073     149.237    0.000000
160     0.018231908     0.015929595     343.709     31.675    265.793     148.615    0.020000
161     0.015656179     0.014178071     341.969     30.038    269.491     149.761    0.000000
162     0.020697495     0.018753521     340.495     30.073    264.532     148.456    0.020000
163     0.016314024     0.022034161     341.326     30.207    278.458     149.441    0.010000
164     0.018340578     0.020919915     343.960     32.700    277.025     149.954    0.020000
165     0.019859945     0.012907813     340.913     30.016    282.784     149.633    0.000000
166     0.020678008     0.020180127     342.368     31.987    276.384     149.526    0.020000
167     0.016759265     0.015294130     343.686     31.757    277.709     148.995    0.010000
168     0.014602129     0.015901921     343.489     32.201    284.826     149.994    0.010000
169     0.021018974     0.014124938     341.229     30.621    282.692     149.117    0.010000
170     0.020181388     0.022032820     342.958     30.611    285.999     149.363    0.010000
171     0.018487444     0.016419578     340.318     31.164    272.956     149.990    0.010000
172     0.022089226     0.018835813     343.475     32.303    270.887     149.840    0.010000
173     0.023780404     0.019043151     336.935     31.421    275.356     149.284    0.010000
174     0.018344397     0.014504761     340.017     33.094    278.792     147.875    0.020000
175     0.015560934     0.015192828     342.032     32.201    275.621     149.276    0.010000
176     0.016830921     0.013583762     343.978     34.556    277.814     149.277    0.020000
177     0.018750075     0.014979905     342.115     33.189    279.316     148.940    0.000000
178     0.016978338     0.012873200     339.174     32.270    264.376     147.581    0.020000
179     0.015355545     0.013409617     337.197     31.211    278.402     149.543    0.000000
180     0.019478757     0.016339108     341.380     34.085    274.465     149.726    0.020000
181     0.017613415     0.013707706     343.617     33.762    280.767     149.766    0.010000
182     0.019832676     0.014843643     338.087     32.059    275.510     147.164    0.010000
183     0.011404241     0.013500268     337.467     32.187    278.958     149.401    0.020000
184     0.017904563     0.014497234     338.267     32.547    276.460     148.954    0.010000
185     0.014124117     0.012381467     339.894     32.925    279.772     149.998    0.010000
186     0.021889377     0.016069550     337.583     32.442    273.023     149.217    0.010000
187     0.019385306     0.014445565     337.730     34.375    273.273     149.952    0.010000
188     0.019746345     0.015306270     339.184     33.429    276.055     148.882    0.010000
189     0.014828013     0.013375887     334.865     32.284    278.560     149.259    0.020000
190     0.016774068     0.014106763     342.194     35.323    280.729     149.980    0.000000
191     0.020177882     0.013358312     342.814     35.866    279.968     149.539    0.020000
192     0.016402239     0.012085178     335.301     33.202    278.018     149.467    0.010000
193     0.014952539     0.011561994     332.427     32.084    278.086     149.122    0.020000
194     0.018244294     0.013067591     334.899     34.627    276.466     148.935    0.000000
195     0.016070560     0.013620251     334.058     33.078    274.059     149.936    0.010000
196     0.019215580     0.011626099     334.030     32.905    274.221     149.900    0.010000
197     0.020426791     0.015360482     340.425     35.990    275.043     148.674    0.020000
198     0.018197604     0.014735536     338.999     34.591    272.875     149.103    0.000000
199     0.018473821     0.011613889     340.493     35.277    279.081     149.519    0.020000
200     0.020198280     0.011326856     330.281     32.271    273.917     148.528    0.010000
201     0.016161360     0.013367539     335.823     33.900    273.873     149.785    0.020000
202     0.020347258     0.012222783     333.665     33.341    269.375     148.959    0.000000
203     0.016727384     0.014906128     337.361     34.012    271.546     147.087    0.020000
204     0.012273228     0.011791868     332.755     33.191    268.436     147.467    0.010000
205     0.014033904     0.013376120     335.712     33.708    277.039     149.080    0.010000
206     0.017320272     0.012987836     337.517     34.342    274.891     148.705    0.010000
207     0.017160606     0.012504777     336.084     34.158    267.577     148.213    0.010000
208     0.016666653     0.012440728     332.916     33.080    273.314     148.467    0.020000
209     0.015856778     0.013784432     334.239     33.646    271.726     149.687    0.010000
210     0.021027701     0.013022040     329.040     33.802    269.883     149.140    0.010000
211     0.016580692     0.014875073     330.731     34.488    264.092     147.664    0.010000
212     0.013141462     0.012782236     333.697     33.271    267.113     148.578    0.010000
213     0.014769608     0.012780554     330.683     32.775    267.364     148.727    0.010000
214     0.017790476     0.013617408     329.745     32.883    268.044     149.272    0.010000
215     0.019810852     0.015405884     333.770     34.000    270.642     148.372    0.020000
216     0.014067387     0.015509052     336.221     35.392    266.693     147.379    0.010000
217     0.011776755     0.012102427     334.396     34.427    270.623     148.726    0.010000
218     0.016156236     0.012991161     335.885     34.639    269.447     148.836    0.010000
219     0.016765684     0.010866341     325.234     31.691    265.421     147.593    0.020000
220     0.012253030     0.017112995     329.512     32.757    263.927     147.778    0.010000
221     0.013569767     0.013312998     327.847     32.736    269.042     149.005    0.010000
222     0.015707282     0.014947205     326.622     34.066    257.758     147.390    0.020000
223     0.013189286     0.013430842     331.136     33.835    258.961     148.079    0.000000
224     0.013151642     0.011617582     323.737     32.003    259.776     146.888    0.020000
225     0.013279220     0.016054720     326.193     33.128    260.808     147.791    0.010000
226     0.013642354     0.014455956     322.962     31.899    264.926     148.973    0.010000
227     0.019081643     0.015218030     324.120     34.006    257.183     148.559    0.010000
228     0.018300757     0.014811096     330.009     34.788    264.902     149.903    0.010000
229     0.022479132     0.012242729     322.455     32.342    254.084     148.273    0.010000
230     0.014651189     0.015313520     331.756     36.335    252.309     147.850    0.010000
231     0.013196481     0.012356016     322.309     33.026    251.458     147.628    0.010000
232     0.014271445     0.014712946     323.819     33.732    261.062     148.932    0.010000
233     0.018345382     0.012051192     323.719     33.860    252.991     147.156    0.010000
234     0.013394407     0.012494832     324.071     35.956    260.043     149.090    0.010000
235     0.016915811     0.014056719     321.082     33.448    253.032     148.856    0.020000
236     0.015585452     0.011759772     321.566     34.627    254.984     148.057    0.000000
237     0.016316961     0.013367665     318.398     33.395    252.749     149.221    0.020000
238     0.021514745     0.012963336     320.582     35.816    253.814     148.384    0.010000
239     0.011771673     0.014315140     321.366     34.789    250.722     148.705    0.010000
240     0.014312519     0.011908019     320.122     34.912    259.160     149.464    0.020000
241     0.018675355     0.013995821     318.663     34.699    249.951     149.925    0.000000
242     0.022041924     0.012810897     321.306     35.634    254.391     149.704    0.020000
243     0.020413741     0.011807965     323.704     38.111    253.191     148.157    0.010000
244     0.015885055     0.014062196     314.981     33.201    249.772     147.256    0.010000
245     0.012457578     0.013558085     319.676     37.147    254.524     148.805    0.010000
246     0.018106258     0.015592324     319.480     35.588    247.089     148.233    0.010000
247     0.013876541     0.012590086     318.466     35.442    255.293     149.167    0.020000
248     0.019910963     0.011873994     319.072     35.883    250.274     148.239    0.010000
249     0.016297407     0.011748885     321.250     36.669    250.904     149.191    0.010000
250     0.017405530     0.011798168     318.669     35.555    252.657     147.702    0.020000
251     0.014481232     0.011971463     316.461     35.332    256.351     149.710    0.010000
252     0.025111588     0.012366664     318.024     35.441    248.505     147.305    0.010000
253     0.011225913     0.012514285     319.855     36.411    236.862     145.652    0.010000
254     0.012938322     0.012498712     318.983     35.989    255.333     148.781    0.010000
255     0.018813230     0.012423238     321.089     38.087    256.375     149.778    0.020000
256     0.022364285     0.014217746     318.997     36.055    249.693     148.984    0.010000
257     0.018856674     0.012317961     316.615     34.964    243.180     147.053    0.010000
258     0.011493288     0.013738582     316.349     34.904    243.708     148.985    0.000000
259     0.020577602     0.015727013     314.917     34.601    246.467     148.013    0.020000
260     0.014830592     0.012103421     320.084     35.687    248.679     149.393    0.010000
261     0.021203449     0.012579983     321.868     37.333    247.637     149.558    0.020000
262     0.019630326     0.012029851     322.900     37.649    243.614     149.812    0.000000
263     0.022386502     0.010829433     321.102     37.046    241.893     149.432    0.010000
264     0.019289847     0.010922239     320.876     34.779    240.753     147.133    0.010000
265     0.011819051     0.013536184     317.400     34.830    241.373     147.593    0.020000
266     0.014168018     0.013412499     314.476     31.814    239.163     147.842    0.010000
267     0.012673208     0.016322045     324.125     35.147    241.754     148.823    0.020000
268     0.017308455     0.013697159     317.133     32.455    237.473     147.324    0.010000
269     0.014611842     0.014606041     324.726     36.161    247.943     149.884    0.010000
270     0.024596732     0.016254790     325.810     36.096    237.869     148.779    0.010000
271     0.018108852     0.011757394     320.323     35.051    241.495     148.466    0.010000
272     0.017476331     0.012995112     326.565     36.394    240.456     149.476    0.010000
273     0.017701507     0.011780544     323.571     34.742    243.808     149.444    0.020000
274     0.014665069     0.011723855     324.195     34.674    243.456     149.814    0.010000
275     0.023057370     0.013498059     328.531     36.643    244.504     149.961    0.010000
276     0.019697206     0.013036231     322.096     36.128    237.892     149.399    0.020000
277     0.023155211     0.013035065     324.232     37.323    234.627     147.562    0.000000
278     0.014228701     0.014307738     327.446     36.249    241.856     149.521    0.020000
279     0.019742822     0.012530427     321.450     35.955    243.340     149.200    0.000000
280     0.017109605     0.011903680     322.910     36.438    244.088     149.407    0.020000
281     0.019445315     0.013333272     327.683     37.866    241.567     149.075    0.010000
282     0.015402636     0.013617517     322.018     33.300    236.099     149.106    0.010000
283     0.017175654     0.012034986     327.784     38.005    236.133     149.284    0.010000
284     0.016596885     0.018245863     327.014     37.518    236.802     148.796    0.020000
285     0.018188166     0.011934984     323.699     36.327    235.907     149.245    0.010000
286     0.017696435     0.012647687     327.763     38.273    245.771     149.935    0.010000
287     0.020778270     0.013955136     331.733     35.727    233.953     148.482    0.010000
288     0.014867806     0.010549690     321.926     33.492    243.780     149.454    0.010000
289     0.015386906     0.012325282     332.310     36.019    238.350     149.558    0.020000
290     0.018407676     0.012397408     321.950     33.547    241.628     148.791    0.010000
291     0.012945538     0.013191725     326.901     38.049    244.957     148.970    0.010000
292     0.015912129     0.013695604     327.921     38.225    244.898     149.743    0.010000
293     0.022385906     0.012704007     328.961     36.177    245.628     149.885    0.010000
294     0.019920982     0.011968872     328.391     37.451    245.779     149.752    0.020000
295     0.021563105     0.012506987     329.027     37.000    239.853     147.748    0.010000
296     0.012940373     0.012213227     330.678     37.247    240.190     148.309    0.010000
297     0.014107735     0.011000827     331.414     37.583    240.292     148.727    0.010000
298     0.014519598     0.011773779     331.930     37.218    239.486     149.867    0.010000
299     0.024178425     0.011698232     333.176     36.353    234.471     148.080    0.010000
300     0.014647705     0.012283068     336.130     36.869    237.064     148.684    0.020000
301     0.016733473     0.012212101     335.690     36.287    234.560     148.695    0.010000
302     0.015191181     0.012008957     332.342     34.878    232.992     148.573    0.010000
303     0.019256892     0.011086143     335.704     36.322    233.685     149.316    0.010000
304     0.019930499     0.013890856     337.879     36.521    236.533     148.617    0.020000
305     0.016095353     0.011812852     338.906     36.594    233.907     149.058    0.010000
306     0.018690528     0.012327922     336.436     35.967    238.410     149.591    0.020000
307     0.019068534     0.012665806     334.681     33.219    238.014     149.303    0.010000
308     0.018129867     0.011872007     333.736     35.088    237.573     149.968    0.010000
309     0.023025317     0.013767667     336.657     35.793    235.591     148.618    0.000000
310     0.015233947     0.013541543     333.513     33.039    236.596     149.667    0.020000
311     0.019461256     0.011348986     331.242     34.413    244.990     149.962    0.010000
312     0.022812780     0.012379131     338.320     36.189    241.605     149.838    0.020000
313     0.019067302     0.015328612     335.484     34.707    236.180     149.642    0.000000
314     0.020390961     0.011932443     333.030     33.484    237.234     148.377    0.020000
315     0.014371163     0.011165017     333.431     34.172    236.525     148.913    0.010000
316     0.017498489     0.013107517     334.259     34.755    245.449     149.686    0.010000
317     0.019712152     0.013367545     337.792     34.059    246.884     149.853    0.010000
318     0.019342985     0.012337780     337.196     34.224    239.133     149.722    0.020000
319     0.017261181     0.013379820     331.261     35.904    245.136     149.483    0.010000
320     0.016656417     0.013693768     335.902     33.739    241.087     149.777    0.010000
321     0.020898463     0.013389173     331.229     34.101    238.545     149.306    0.010000
322     0.018723864     0.014277818     331.284     36.305    241.395     149.618    0.010000
323     0.018249061     0.013160996     330.950     34.236    240.925     149.038    0.010000
324     0.013497098     0.011528077     335.890     34.095    239.864     149.781    0.020000
325     0.020024650     0.012527408     330.773     36.670    242.304     148.501    0.010000
326     0.014234281     0.014153961     331.494     36.868    242.945     148.780    0.010000
327     0.014521043     0.012274715     329.731     36.163    241.521     149.532    0.010000
328     0.018048026     0.010474551     332.640     37.405    247.432     149.473    0.010000
329     0.018492542     0.013119457     335.852     35.125    239.224     149.000    0.020000
330     0.016767424     0.010405296     328.756     36.182    244.181     148.749    0.010000
331     0.013910117     0.011438851     329.320     36.400    245.623     148.932    0.010000
332     0.017210713     0.013823824     330.741     37.041    241.727     148.775    0.010000
333     0.013436968     0.015091174     329.878     33.401    239.387     149.450    0.020000
334     0.017318930     0.012680234     328.656     32.411    239.874     149.507    0.010000
335     0.019830128     0.012572284     336.340     34.256    238.732     149.676    0.010000
336     0.017794514     0.014116140     338.264     34.730    241.127     149.159    0.010000
337     0.016009293     0.012709758     337.216     36.420    237.315     149.929    0.010000
338     0.023815939     0.013548844     331.464     36.091    236.068     149.466    0.020000
339     0.020301132     0.013047654     332.952     36.306    242.039     149.617    0.010000
340     0.017336598     0.011335424     334.619     36.533    230.065     148.011    0.010000
341     0.014493678     0.012949576     330.934     32.990    235.149     149.127    0.010000
342     0.017205264     0.011896568     339.955     34.076    234.438     147.427    0.010000
343     0.012628115     0.012947678     338.969     36.030    237.887     149.949    0.010000
344     0.023028139     0.013859746     333.697     35.385    236.321     149.435    0.010000
345     0.017509473     0.011851270     334.169     35.885    240.412     149.431    0.020000
346     0.019772511     0.012737242     333.860     32.621    237.691     149.933    0.010000
347     0.019430496     0.015209832     334.386     32.584    236.323     149.702    0.020000
348     0.019597650     0.015168417     332.871     34.619    233.557     149.940    0.010000
349     0.025257096     0.014661578     335.080     35.800    234.069     147.633    0.010000
350     0.012480085     0.011340003     333.610     33.071    232.792     149.631    0.010000
351     0.021397877     0.011911651     338.695     36.977    239.700     149.938    0.010000
352     0.020121498     0.016078785     338.499     36.965    237.722     148.963    0.020000
353     0.016844416     0.012683684     337.948     36.831    235.537     149.732    0.000000
354     0.019116554     0.011985562     336.074     33.243    239.769     149.981    0.030000
355     0.022116261     0.012204849     333.794     36.044    234.412     148.323    0.000000
356     0.014101069     0.014287723     330.997     33.414    242.986     149.953    0.010000
357     0.018327672     0.011658482     330.642     35.705    239.279     149.306    0.010000
358     0.016871905     0.012677517     330.761     35.858    238.521     148.843    0.020000
359     0.017737122     0.011855363     334.804     35.729    243.810     149.192    0.010000
360     0.016379084     0.012185462     334.879     37.731    249.450     149.870    0.020000
361     0.025310846     0.013102524     327.631     35.511    244.732     149.973    0.010000
362     0.023990931     0.012246767     334.428     38.499    245.308     148.970    0.000000
363     0.018447489     0.012844067     333.322     34.007    244.047     149.055    0.020000
364     0.016110877     0.011534791     328.421     33.910    245.426     149.422    0.010000
365     0.017569415     0.012405956     334.053     37.597    246.817     149.827    0.010000
366     0.021728773     0.016962167     329.197     36.207    242.507     149.031    0.010000
367     0.015354604     0.013640571     329.408     35.881    240.769     149.932    0.020000
368     0.020135107     0.012194170     330.699     33.915    240.320     148.319    0.010000
369     0.015458758     0.011887706     330.682     34.280    240.309     148.314    0.020000
370     0.015959535     0.011224049     329.884     36.566    236.294     148.437    0.010000
371     0.015304700     0.015169191     334.614     34.151    243.618     149.753    0.010000
372     0.018602269     0.011666448     335.202     37.326    241.264     148.251    0.010000
373     0.015756808     0.017906548     329.520     35.152    247.394     149.737    0.010000
374     0.018106129     0.012972301     333.783     38.270    240.195     148.566    0.020000
375     0.016704695     0.016900171     330.799     36.564    240.871     149.577    0.010000
376     0.017721055     0.011561455     334.022     38.560    241.925     149.956    0.010000
377     0.020802803     0.014899874     326.303     36.631    242.779     149.972    0.000000
378     0.021850342     0.010756779     326.462     37.033    240.806     149.737    0.020000
379     0.020264683     0.012283413     326.976     36.811    240.394     148.859    0.010000
380     0.019547412     0.012355353     333.488     35.040    243.723     149.170    0.020000
381     0.018001970     0.011288407     328.434     37.142    243.025     149.682    0.010000
382     0.017421611     0.014912360     333.737     34.693    242.892     149.296    0.010000
383     0.021611059     0.011259406     329.711     37.286    241.153     149.209    0.010000
384     0.019097745     0.014249110     335.603     35.791    243.947     150.000    0.010000
385     0.022295551     0.012147699     329.709     37.390    240.939     149.471    0.010000
386     0.017619047     0.013366615     331.427     37.926    239.618     149.996    0.010000
387     0.023811324     0.014271167     333.080     38.297    247.806     149.978    0.010000
388     0.018964253     0.011308882     328.845     37.301    241.518     148.331    0.010000
389     0.016575454     0.011235618     335.226     35.554    241.516     148.784    0.010000
390     0.016167184     0.012298607     328.366     37.538    245.832     149.802    0.020000
391     0.018804111     0.013156406     329.627     37.725    246.704     149.984    0.010000
392     0.019808773     0.012257887     327.530     37.346    245.804     149.880    0.010000
393     0.017129362     0.010309680     329.410     37.786    244.901     149.770    0.010000
394     0.020801151     0.012716637     328.246     37.402    245.046     149.546    0.010000
395     0.025809551     0.012541785     331.737     37.035    244.300     149.029    0.020000
396     0.016132150     0.011735672     330.296     36.060    246.858     149.500    0.010000
397     0.019319160     0.010730785     328.239     37.726    245.391     149.897    0.000000
398     0.031684726     0.012313856     331.381     38.622    238.019     148.475    0.020000
399     0.015238987     0.012297447     333.414     37.590    247.009     149.623    0.020000
400     0.023272362     0.011164192     334.372     40.667    246.988     149.727    0.010000
401     0.019404134     0.016652813     333.918     39.497    246.512     149.447    0.010000
402     0.016512157     0.012503824     334.050     39.004    247.997     149.713    0.010000
403     0.022082631     0.011116587     331.432     38.256    246.580     149.569    0.010000
404     0.019495999     0.010375516     336.309     38.205    240.596     149.658    0.010000
405     0.018415576     0.011408226     341.544     40.398    241.705     148.311    0.010000
406     0.012302057     0.012431642     343.280     40.400    242.061     149.634    0.020000
407     0.021004317     0.012119991     337.403     39.744    247.224     149.827    0.010000
408     0.021021621     0.011460961     336.407     39.199    244.835     149.494    0.020000
409     0.019156553     0.014109048     338.474     40.887    237.363     149.893    0.010000
410     0.019846177     0.013924557     339.364     40.382    245.021     149.184    0.010000
411     0.016510686     0.012033854     335.832     39.122    246.788     149.999    0.010000
412     0.021213124     0.010396938     338.867     40.001    243.191     149.766    0.010000
413     0.016360486     0.012323815     343.737     41.822    246.863     149.795    0.010000
414     0.016745109     0.014048691     338.946     39.560    246.468     149.771    0.000000
415     0.021137018     0.010499658     338.081     39.215    244.575     149.500    0.020000
416     0.017647419     0.010989835     337.657     38.840    236.532     148.440    0.010000
417     0.014290718     0.010838548     337.597     38.808    237.588     149.428    0.010000
418     0.017757129     0.011972369     339.260     39.083    239.461     149.813    0.020000
419     0.019709675     0.012748468     340.495     40.159    246.835     149.950    0.010000
420     0.021671971     0.012670380     339.886     39.407    237.140     149.680    0.010000
421     0.023639297     0.011768966     342.671     38.396    241.020     149.763    0.010000
422     0.020884898     0.010087076     337.881     38.780    239.253     149.434    0.020000
423     0.021338617     0.012080043     337.714     38.373    233.396     149.827    0.010000
424     0.019379642     0.011829846     338.271     38.906    237.383     149.600    0.010000
425     0.017565994     0.011117042     336.421     38.340    237.486     149.764    0.010000
426     0.018073443     0.012386112     338.165     38.907    236.878     149.784    0.010000
427     0.019594003     0.012470302     342.221     36.141    236.309     149.924    0.020000
428     0.023937996     0.013277111     341.517     36.161    228.711     148.211    0.010000
429     0.013843275     0.011556433     338.538     39.247    233.869     149.576    0.010000
430     0.019994510     0.014756328     342.908     36.518    233.875     149.239    0.010000
431     0.016101973     0.010559206     339.894     36.236    222.585     148.045    0.020000
432     0.016509647     0.011115219     342.516     41.217    233.108     149.874    0.000000
433     0.020096648     0.022225499     340.688     36.733    225.323     147.988    0.010000
434     0.013148522     0.011549655     342.343     41.874    235.894     149.970    0.020000
435     0.022790013     0.021051502     343.706     41.273    228.837     148.171    0.010000
436     0.014835367     0.012298668     338.553     41.142    222.574     147.912    0.020000
437     0.015435390     0.011050252     336.194     40.146    237.076     149.999    0.010000
438     0.021676021     0.011096220     343.246     38.797    226.710     148.915    0.010000
439     0.013666272     0.011928729     340.811     40.483    224.917     148.404    0.000000
440     0.014108554     0.012809610     337.954     42.035    239.583     149.300    0.020000
441     0.016771363     0.014982767     342.608     43.135    226.013     148.531    0.010000
442     0.014705976     0.013396082     334.826     40.905    226.918     149.416    0.010000
443     0.021672811     0.010828407     343.563     40.408    227.101     148.464    0.020000
444     0.015389411     0.011063257     341.742     41.671    226.355     149.488    0.000000
445     0.019783866     0.012607914     334.117     40.680    227.368     149.551    0.020000
446     0.023643039     0.011028402     337.383     42.020    221.905     148.462    0.010000
447     0.020462383     0.012187078     337.908     42.449    233.711     149.375    0.020000
448     0.017950017     0.010552631     338.777     38.764    222.033     149.785    0.000000
449     0.019708468     0.010666071     341.803     42.771    236.207     149.842    0.010000
450     0.019837948     0.016596351     341.670     40.533    227.773     149.111    0.020000
451     0.015312060     0.010822414     342.925     45.898    219.875     147.989    0.010000
452     0.014002083     0.019297823     342.603     41.734    223.544     149.283    0.020000
453     0.019126272     0.009705342     337.582     44.758    221.639     149.372    0.000000
454     0.016944842     0.014849873     342.098     41.331    220.587     149.808    0.020000
455     0.024253523     0.010262236     342.342     41.969    217.702     149.019    0.010000
456     0.018593878     0.012987657     337.117     40.398    232.666     149.786    0.000000
457     0.022243757     0.010563016     339.346     40.924    226.571     149.486    0.020000
458     0.018222859     0.012868281     342.809     43.393    230.257     149.504    0.010000
459     0.019925339     0.011963260     339.142     41.718    214.175     148.064    0.020000
460     0.015034868     0.010673868     342.399     44.092    218.618     148.354    0.000000
461     0.014484868     0.013033884     342.783     48.676    218.827     149.332    0.020000
462     0.017825199     0.018885676     338.180     46.808    214.005     148.887    0.020000
463     0.016000345     0.012295936     341.663     43.458    215.746     149.206    0.010000
464     0.017146314     0.010006074     340.214     43.594    215.675     149.895    0.010000
465     0.024117611     0.012903298     342.551     44.062    217.357     149.836    0.010000
466     0.017868645     0.011306386     343.954     44.156    220.500     149.323    0.010000
467     0.022700284     0.011131706     338.884     48.448    218.121     149.832    0.010000
468     0.019919124     0.015011914     339.551     43.302    214.647     149.857    0.010000
469     0.023695102     0.010741023     343.140     46.367    225.726     148.486    0.010000
470     0.013955778     0.013989835     340.624     49.519    214.413     149.786    0.020000
471     0.024137789     0.015289154     342.093     44.056    229.115     149.581    0.010000
472     0.020164350     0.010905080     340.437     49.605    238.271     149.639    0.010000
473     0.018488808     0.018751055     343.748     48.535    221.217     148.533    0.010000
474     0.014681610     0.011592937     340.069     48.748    231.978     149.284    0.010000
475     0.019942276     0.012959388     339.728     48.414    221.014     149.463    0.020000
476     0.020076483     0.011919881     341.391     43.648    218.224     149.894    0.010000
477     0.022451039     0.010814003     343.656     44.639    229.550     149.940    0.010000
478     0.018952833     0.012401510     338.886     42.496    214.222     149.905    0.010000
479     0.026836297     0.010948982     342.587     44.738    228.199     149.766    0.020000
480     0.023769688     0.013859896     340.251     43.417    233.850     149.977    0.000000
481     0.020349190     0.011565830     340.311     49.284    217.586     149.903    0.020000
482     0.020521954     0.019628573     341.737     43.896    226.099     149.949    0.010000
483     0.020466899     0.009355553     339.388     42.894    226.310     148.910    0.010000
484     0.016444201     0.010398483     343.216     44.040    221.561     148.408    0.010000
485     0.015252030     0.012222165     340.617     43.261    219.670     149.649    0.020000
486     0.021087632     0.010890320     341.512     43.581    220.956     149.856    0.010000
487     0.023467131     0.013722345     340.807     48.267    215.285     149.629    0.010000
488     0.020900592     0.016848234     341.731     49.226    215.575     149.545    0.010000
489     0.017167823     0.012850946     340.634     48.447    219.788     149.660    0.020000
490     0.020365212     0.011538816     340.862     44.870    216.912     149.660    0.010000
491     0.019626597     0.011345850     343.820     48.322    214.057     148.897    0.010000
492     0.016985904     0.014734464     338.116     48.248    216.527     149.208    0.010000
493     0.016558511     0.012431556     341.067     44.963    216.758     149.769    0.020000
494     0.022498421     0.010207933     342.360     45.701    217.028     148.996    0.000000
495     0.015666923     0.011997785     339.080     44.434    218.457     149.882    0.020000
496     0.019351801     0.012830953     336.134     45.287    214.837     149.901    0.010000
497     0.023227073     0.013100890     342.121     46.335    214.603     149.177    0.010000
498     0.017303437     0.011524877     338.173     44.028    217.168     149.802    0.020000
499     0.017679812     0.011222391     340.327     45.445    222.892     149.999    0.010000
500     0.018782338     0.012920675     339.525     44.817    213.948     149.695    0.010000
501     0.024319382     0.012271835     335.887     43.672    214.300     149.623    0.010000
502     0.021139547     0.012172823     339.304     44.709    213.596     149.578    0.010000
503     0.017772261     0.011575139     333.585     48.686    220.782     149.152    0.010000
504     0.019442316     0.019678842     336.767     43.670    214.643     149.987    0.010000
505     0.019412655     0.010759044     330.859     46.775    215.097     149.690    0.020000
506     0.019478463     0.013833518     334.979     46.615    215.362     148.725    0.010000
507     0.015951306     0.011873209     330.896     46.526    215.698     149.639    0.010000
508     0.016171457     0.012703791     336.885     44.049    216.830     148.697    0.010000
509     0.015872806     0.012515662     329.404     46.430    214.009     148.568    0.010000
510     0.014099707     0.014596073     332.446     44.278    214.365     148.434    0.020000
511     0.017650817     0.011854532     338.570     44.801    214.311     148.424    0.010000
512     0.013429090     0.011529890     336.548     43.944    213.689     147.950    0.020000
513     0.013908718     0.011181899     333.728     48.208    216.482     149.037    0.000000
514     0.017757054     0.020307550     326.820     44.023    215.546     147.418    0.020000
515     0.013523108     0.010351444     334.533     42.841    217.606     147.431    0.010000
516     0.013148716     0.010226578     332.819     47.398    214.546     148.825    0.010000
517     0.015682822     0.018032642     338.832     44.397    218.847     148.462    0.010000
518     0.016170701     0.010648999     331.790     46.222    217.058     149.439    0.010000
519     0.019106235     0.013213348     331.651     45.736    213.351     149.343    0.010000
520     0.020693300     0.011973484     341.475     44.275    217.609     149.780    0.020000
521     0.018708853     0.011375953     335.395     42.857    219.336     149.631    0.010000
522     0.019712079     0.010568490     340.732     42.639    213.903     149.995    0.010000
523     0.022484992     0.011912419     338.148     40.870    215.646     149.484    0.020000
524     0.016466726     0.012033229     336.791     44.438    222.072     149.109    0.010000
525     0.019638829     0.015592062     337.423     43.362    217.776     149.870    0.010000
526     0.021721672     0.012012073     340.911     44.106    221.738     147.908    0.000000
527     0.015474753     0.012924330     340.340     43.140    215.104     148.021    0.020000
528     0.014510943     0.011131480     341.615     42.702    213.565     148.260    0.020000
529     0.016079348     0.012676728     340.287     37.170    216.182     148.056    0.000000
530     0.013068772     0.013220955     342.754     36.812    229.661     148.873    0.020000
531     0.019124774     0.011280576     341.199     35.654    231.966     149.247    0.000000
532     0.021869130     0.012618755     343.254     36.135    219.999     149.228    0.020000
533     0.016037466     0.011877066     341.027     35.661    224.765     149.753    0.010000
534     0.019920334     0.012035183     343.577     35.364    224.465     149.561    0.020000
535     0.018095717     0.011603772     224.366     149.933    342.118     33.004    0.010000
536     0.019159760     0.013466044     343.223     33.565    229.144     149.869    0.010000
537     0.021553686     0.012379487     342.847     33.517    222.951     149.439    0.010000
538     0.015515588     0.012096914     230.314     149.685    341.341     31.804    0.010000
539     0.018666422     0.012579229     230.986     149.984    341.218     30.809    0.020000
540     0.021346997     0.016938480     226.725     149.202    343.112     30.120    0.010000
541     0.019729655     0.018958595     232.138     149.634    342.229     30.296    0.010000
542     0.022728495     0.020151054     229.263     149.777    343.742     31.087    0.010000
543     0.018561406     0.018033987     233.863     149.043    343.035     30.210    0.010000
544     0.016732337     0.018670019     233.883     149.949    340.432     31.369    0.010000
545     0.023541290     0.016483923     233.956     149.061    340.810     30.698    0.010000
546     0.017403051     0.016230371     235.718     149.952    343.100     30.118    0.010000
547     0.021481363     0.021401625     232.577     149.908    335.865     30.144    0.020000
548     0.018699871     0.019195750     233.869     149.690    343.848     31.512    0.010000
549     0.016032856     0.014800043     240.763     149.764    343.331     31.274    0.010000
550     0.020388186     0.020622611     233.192     148.321    343.304     31.342    0.020000
551     0.015340840     0.014805948     241.583     149.846    338.378     30.077    0.010000
552     0.021012841     0.024082392     236.346     149.420    342.501     30.977    0.010000
553     0.017948790     0.023084641     240.060     149.819    342.742     30.352    0.020000
554     0.025984993     0.017728176     239.343     149.399    337.253     30.310    0.000000
555     0.019286776     0.021754999     241.615     149.768    340.566     30.109    0.020000
556     0.020652721     0.024668178     245.094     149.630    304.898     34.815    0.010000
557     0.018738812     0.014614729     242.610     149.960    338.147     30.034    0.010000
558     0.025387892     0.018799519     245.859     149.380    343.885     30.187    0.010000
559     0.017370325     0.020002393     244.500     149.322    341.544     30.753    0.010000
560     0.017443690     0.020466626     238.970     147.959    341.577     31.529    0.010000
561     0.012384842     0.017489782     245.359     148.371    288.661     35.519    0.010000
562     0.014515304     0.014175843     249.910     149.281    338.807     30.118    0.010000
563     0.017053541     0.018028077     258.603     149.790    289.887     36.276    0.010000
564     0.020471048     0.019762795     251.297     149.002    341.404     33.208    0.020000
565     0.016124129     0.013871100     259.035     149.218    323.556     32.368    0.010000
566     0.019644130     0.014633617     254.013     147.921    294.998     30.665    0.010000
567     0.012854209     0.014833227     263.364     149.993    327.879     32.204    0.020000
568     0.019648485     0.013912773     263.529     149.860    342.986     31.239    0.010000
569     0.021229921     0.017584099     266.035     149.837    329.303     31.053    0.010000
570     0.019800110     0.016770260     260.069     149.712    342.428     31.475    0.010000
571     0.018577831     0.016827790     262.996     149.779    343.890     30.633    0.010000
572     0.018994220     0.019104246     261.607     149.903    338.053     30.819    0.010000
573     0.020356346     0.018267486     255.759     149.158    291.329     36.607    0.010000
574     0.018387213     0.016326742     258.436     148.382    343.813     30.029    0.030000
575     0.013926355     0.025106085     256.455     149.411    318.811     30.138    0.000000
576     0.021701833     0.021549331     263.491     149.727    323.449     30.408    0.020000
577     0.019765018     0.015928559     259.556     149.784    323.932     32.330    0.000000
578     0.020199927     0.018902592     260.576     148.714    321.041     35.058    0.010000
579     0.015818171     0.013052450     260.491     149.687    324.301     32.477    0.010000
580     0.017855700     0.012107020     257.221     148.945    319.958     33.451    0.020000
581     0.018457983     0.013960827     262.973     149.698    321.803     31.108    0.010000
582     0.020929389     0.017542757     259.776     149.382    320.594     33.548    0.010000
583     0.018102765     0.012784785     262.269     149.446    322.254     37.172    0.020000
584     0.019944217     0.017676899     268.994     149.482    317.221     38.449    0.010000
585     0.018260248     0.015294653     258.468     148.676    316.279     40.180    0.010000
586     0.015804511     0.015067943     261.298     148.281    320.726     43.101    0.010000
587     0.013167377     0.014814086     261.245     149.152    315.449     45.987    0.020000
588     0.017781433     0.015010056     266.019     149.981    320.293     46.709    0.000000
589     0.021118144     0.011570434     261.274     148.127    318.042     44.723    0.020000
590     0.015673183     0.011872236     274.358     148.978    317.313     45.066    0.010000
591     0.017789358     0.011885017     271.361     149.248    317.074     42.993    0.020000
592     0.017407855     0.011232733     264.984     148.793    315.324     44.361    0.000000
593     0.018725382     0.012572417     274.773     149.773    313.318     41.185    0.010000
594     0.020611797     0.011097794     267.537     148.277    313.065     43.755    0.020000
595     0.014524570     0.013007266     269.792     149.166    312.188     44.296    0.010000
596     0.017501403     0.012687076     270.216     149.015    310.892     43.567    0.010000
597     0.016147891     0.012520362     270.493     148.431    311.025     45.902    0.010000
598     0.013288970     0.014542486     271.838     148.382    307.028     41.933    0.010000
599     0.011820053     0.011212975     269.857     147.361    308.014     43.709    0.020000
600     0.013806190     0.015518460     269.508     147.307    305.667     41.795    0.010000
601     0.013138107     0.011634812     272.720     147.686    302.769     38.852    0.010000
602     0.013243206     0.011847818     275.278     148.674    305.588     43.384    0.010000
603     0.015563062     0.015401059     276.961     148.577    303.068     42.117    0.010000
604     0.014182519     0.010636664     276.564     148.559    300.543     40.930    0.010000
605     0.016861545     0.010969720     275.408     146.655    302.137     37.956    0.020000
606     0.011482003     0.010209198     285.321     148.517    288.295     35.609    0.010000
607     0.016875679     0.011679107     282.115     147.229    288.187     32.982    0.020000
608     0.012133284     0.011860516     277.174     146.910    289.757     34.891    0.010000
609     0.012717314     0.014833448     287.698     148.707    289.763     35.133    0.000000
610     0.016264901     0.013077704     277.118     147.213    288.267     34.226    0.020000
611     0.013965568     0.012401866     286.049     148.172    289.129     35.406    0.010000
612     0.014856984     0.013250740     283.829     147.318    289.472     34.442    0.010000
613     0.013601288     0.012039207     282.046     146.039    289.990     30.860    0.020000
614     0.011736478     0.019090410     279.557     147.297    289.883     33.387    0.000000
615     0.012316839     0.014562323     279.909     147.618    288.156     35.924    0.020000
616     0.012944510     0.014116377     284.261     146.783    290.168     32.880    0.020000
617     0.012752147     0.014836864     277.099     145.537    288.280     33.911    0.010000
618     0.011784748     0.013469426     283.405     145.832    288.212     30.366    0.010000
619     0.011578341     0.018151367     281.762     144.789    288.656     31.382    0.010000
620     0.011983332     0.016233156     276.510     144.454    296.162     35.414    0.010000
621     0.011516975     0.014220369     277.806     145.855    288.065     31.749    0.010000
622     0.014127607     0.017889231     280.789     146.534    290.739     34.990    0.020000
623     0.013275151     0.010810560     286.247     146.281    292.467     33.851    0.010000
624     0.013990083     0.013037980     285.380     145.990    288.506     32.754    0.010000
625     0.012805268     0.014170174     282.266     146.296    289.943     34.716    0.010000
626     0.012885048     0.013230448     285.608     145.229    288.687     32.633    0.020000
627     0.011483186     0.012298261     275.703     143.399    297.348     34.917    0.010000
628     0.010996733     0.013093526     282.259     143.397    297.163     33.064    0.010000
629     0.011089338     0.014150269     284.495     144.094    289.192     30.892    0.010000
630     0.011314661     0.019769382     285.986     144.832    296.425     33.401    0.010000
631     0.012862499     0.013060848     283.823     144.161    290.712     32.324    0.020000
632     0.011134585     0.014391260     279.375     144.042    290.828     32.892    0.000000
633     0.010686894     0.012578646     280.499     144.756    288.621     31.755    0.020000
634     0.011037867     0.019008162     278.081     143.273    289.443     32.514    0.010000
635     0.010314845     0.014641979     282.317     144.951    295.858     32.194    0.010000
636     0.013210722     0.016235147     280.011     144.130    288.095     31.082    0.010000
637     0.012726706     0.017735220     277.487     142.562    289.088     30.646    0.010000
638     0.011277793     0.017918570     278.912     142.567    289.845     32.051    0.010000
639     0.012051121     0.013692692     284.007     143.871    289.271     30.667    0.020000
640     0.011151777     0.015762066     285.349     144.354    289.664     32.248    0.010000
641     0.010832016     0.015264058     282.847     145.229    288.902     31.230    0.010000
642     0.010285766     0.018478017     276.328     143.737    288.959     32.375    0.010000
643     0.012137653     0.012984304     281.994     143.754    289.817     30.337    0.020000
644     0.011161996     0.019331107     277.140     144.357    292.433     30.874    0.010000
645     0.011880009     0.015286945     281.293     143.913    313.020     34.724    0.010000
646     0.011072651     0.014108335     275.085     143.858    290.915     33.681    0.010000
647     0.012809742     0.012230726     283.190     144.486    291.814     32.343    0.010000
648     0.011652608     0.013185384     276.573     144.447    291.778     33.777    0.010000
649     0.013321851     0.014596400     276.284     144.979    340.320     30.002    0.010000
650     0.012898901     0.020874813     274.711     144.317    289.683     34.023    0.020000
651     0.011615041     0.013385626     270.587     142.531    336.595     37.371    0.010000
652     0.009513463     0.013970118     279.776     145.547    332.974     41.726    0.010000
653     0.012530521     0.018517422     268.414     140.809    335.560     41.616    0.010000
654     0.010691671     0.013282714     267.637     144.267    329.321     38.903    0.010000
655     0.012484794     0.010043302     269.294     144.818    327.669     37.547    0.010000
656     0.012072236     0.012747490     268.810     144.921    322.892     41.961    0.020000
657     0.011739037     0.017829867     264.319     143.189    329.099     37.881    0.010000
658     0.011735526     0.011182512     264.269     144.439    325.979     36.691    0.010000
659     0.012611394     0.010423919     261.022     144.165    327.919     35.259    0.020000
660     0.011926206     0.011811960     257.497     141.084    323.535     38.107    0.010000
661     0.010065358     0.012622009     259.242     143.417    322.396     33.370    0.010000
662     0.013248128     0.010971930     264.159     144.999    317.994     41.090    0.010000
663     0.014030804     0.023047334     261.706     144.643    336.868     34.837    0.010000
664     0.013736589     0.011223766     251.302     142.116    315.676     31.146    0.010000
665     0.011560694     0.017169785     253.550     144.980    312.634     30.398    0.020000
666     0.012464851     0.019238269     253.829     143.270    313.440     32.608    0.000000
667     0.010214278     0.012130016     256.637     146.579    319.493     32.043    0.010000
668     0.015745779     0.014763641     249.649     145.317    313.289     30.967    0.010000
669     0.011894635     0.020406585     245.386     144.102    306.966     35.329    0.020000
670     0.011267195     0.013651816     251.231     145.578    342.447     30.380    0.010000
671     0.010828467     0.020870559     244.806     143.875    343.271     31.566    0.010000
672     0.010442939     0.016033005     245.003     145.113    343.571     32.224    0.010000
673     0.011094819     0.014475620     248.773     146.870    341.017     31.583    0.020000
674     0.013713879     0.014683573     241.636     145.995    341.398     30.110    0.010000
675     0.012278870     0.018727245     243.908     148.321    341.339     30.447    0.010000
676     0.016816489     0.022890128     226.705     144.579    339.357     30.256    0.010000
677     0.010403793     0.020810535     231.085     146.109    340.437     30.091    0.020000
678     0.010757739     0.021225400     223.331     146.556    336.466     31.987    0.010000
679     0.013468824     0.015763344     232.400     148.810    331.665     30.823    0.010000
680     0.018336341     0.015794294     227.861     148.476    328.841     30.165    0.010000
681     0.014421585     0.022499574     219.891     147.779    324.168     30.801    0.020000
682     0.014427166     0.021978768     223.362     149.265    319.430     31.254    0.010000
683     0.021562094     0.014937955     216.314     147.896    316.883     31.895    0.000000
684     0.012837248     0.015896229     213.339     149.804    315.490     31.729    0.020000
685     0.022241682     0.015215341     308.990     30.998    214.182     144.499    0.010000
686     0.010504328     0.018659871     306.896     32.420    214.215     149.420    0.020000
687     0.026371842     0.017715367     303.640     32.926    214.201     143.680    0.010000
688     0.010857145     0.012569691     293.314     32.010    257.636     142.128    0.000000
689     0.011033624     0.017179687     298.253     35.095    263.216     142.013    0.020000
690     0.010763966     0.015118303     290.662     34.177    252.912     140.245    0.010000
691     0.011104465     0.013341923     289.293     34.969    259.174     143.033    0.010000
692     0.012757925     0.013854116     288.136     37.515    257.201     143.947    0.010000
693     0.014081192     0.014268249     290.015     37.460    253.292     142.994    0.010000
694     0.011763856     0.011811767     290.108     33.819    249.002     137.369    0.020000
695     0.011024260     0.011954449     288.929     40.268    230.353     141.035    0.000000
696     0.017050469     0.019765308     288.108     41.709    241.722     145.608    0.020000
697     0.016419951     0.013204956     298.566     50.147    243.470     147.976    0.010000
698     0.016462503     0.038056813     290.426     47.810    221.752     149.670    0.010000
699     0.021389008     0.011957211     290.928     51.014    214.919     147.608    0.010000
700     0.014718516     0.014712591     290.946     52.940    214.188     148.747    0.020000
701     0.017212790     0.014024050     299.491     59.960    213.451     147.047    0.010000
702     0.014464512     0.026854260     342.399     57.601    280.253     149.899    0.010000
703     0.019633859     0.012318188     341.817     60.814    275.506     149.838    0.020000
704     0.020293342     0.015215181     343.125     61.715    273.775     149.905    0.010000
705     0.024429670     0.011648619     342.958     65.143    262.149     149.512    0.010000
706     0.015486978     0.016345432     342.403     66.022    242.588     146.380    0.010000
707     0.010267109     0.012878182     338.837     65.992    243.176     148.515    0.010000
708     0.015089604     0.011830833     333.494     60.857    262.233     149.345    0.010000
709     0.020680852     0.010594027     327.230     58.905    259.268     149.723    0.020000
710     0.021258960     0.010432050     329.643     62.779    254.851     149.303    0.010000
711     0.017693022     0.017075829     325.683     61.671    239.931     148.952    0.010000
712     0.015898142     0.011409818     321.412     59.933    215.923     144.822    0.010000
713     0.011049611     0.011795955     326.853     64.788    247.140     149.527    0.010000
714     0.022734001     0.018135751     323.362     64.077    222.776     146.954    0.010000
715     0.012918756     0.011479395     330.572     69.310    235.839     148.110    0.020000
716     0.013872133     0.018912759     330.830     72.489    217.242     145.156    0.010000
717     0.010405596     0.015262019     329.299     71.314    215.470     145.459    0.010000
718     0.011907443     0.010583368     328.015     71.566    225.527     147.699    0.010000
719     0.013329681     0.011385183     328.635     70.817    235.128     149.273    0.020000
720     0.018356552     0.010893434     329.088     76.736    225.912     148.889    0.010000
721     0.017087348     0.022933925     330.869     73.038    228.557     147.951    0.010000
722     0.013191556     0.012406610     330.241     71.079    223.274     147.081    0.020000
723     0.012646565     0.011865478     331.315     68.959    226.091     146.252    0.000000
724     0.010344981     0.010960192     329.712     68.561    220.081     146.125    0.010000
725     0.012533750     0.012575295     334.311     69.310    246.901     149.077    0.010000
726     0.017167382     0.010505675     334.474     69.779    216.440     144.399    0.020000
727     0.011284351     0.010691259     336.520     64.768    213.354     141.268    0.000000
728     0.010610458     0.010978777     337.595     61.425    214.265     139.414    0.020000
729     0.011338758     0.011522726     338.732     55.921    216.148     136.766    0.010000
730     0.009915920     0.011484845     337.752     51.142    213.908     137.950    0.010000
731     0.011714790     0.009940831     342.181     45.679    230.375     136.370    0.020000
732     0.010024433     0.011895877     301.125     34.050    232.353     130.536    0.010000
733     0.012304237     0.016084457     293.765     32.967    219.436     124.067    0.010000
734     0.010406055     0.013141636     298.457     34.310    223.942     126.525    0.000000
735     0.012253939     0.013297968     289.671     31.795    214.149     121.889    0.020000
736     0.010109745     0.013789415     288.530     32.705    213.698     125.339    0.010000
737     0.013275485     0.014399038     290.574     32.259    213.959     129.186    0.020000
738     0.015067876     0.014252644     289.744     32.444    216.456     129.552    0.000000
739     0.012863512     0.017222149     288.252     32.008    216.053     129.448    0.020000
740     0.011546643     0.017370073     288.813     31.946    218.027     131.549    0.010000
741     0.011800106     0.014066003     288.241     34.585    216.934     130.937    0.010000
742     0.011062687     0.015121332     290.862     33.424    213.919     130.246    0.010000
743     0.010811500     0.013113281     288.673     32.073    224.097     133.995    0.020000
744     0.016455093     0.017137250     288.538     33.045    217.074     131.427    0.010000
745     0.012173952     0.014830076     291.401     33.303    216.929     132.637    0.000000
746     0.012161645     0.012230380     289.585     34.319    217.373     133.812    0.020000
747     0.012980826     0.012398093     288.831     33.466    214.931     137.850    0.010000
748     0.015249046     0.013015589     289.365     33.822    230.910     138.928    0.010000
749     0.012325019     0.011477032     288.808     33.181    218.787     141.732    0.010000
750     0.015832463     0.013049263     288.074     34.098    218.068     141.495    0.010000
751     0.011754422     0.012288617     289.577     34.052    213.729     139.164    0.020000
752     0.010428176     0.015315718     289.116     34.499    213.691     139.441    0.010000
753     0.011409445     0.012044849     298.981     37.450    218.161     142.550    0.010000
754     0.013028054     0.014038542     290.537     35.497    215.217     140.330    0.010000
755     0.011950350     0.012167380     288.157     36.142    215.813     141.651    0.010000
756     0.012994488     0.011187802     288.406     34.892    214.851     141.521    0.010000
757     0.012176652     0.011795715     291.862     37.815    214.643     142.436    0.020000
758     0.010668712     0.013438240     288.816     35.476    214.834     142.550    0.010000
759     0.011004601     0.010347931     288.687     35.271    216.055     143.024    0.010000
760     0.012390374     0.010941221     288.003     35.395    214.474     142.671    0.020000
761     0.011093290     0.011740884     289.637     37.277    216.806     146.922    0.000000
762     0.016715944     0.012808226     288.499     37.518    215.570     146.219    0.010000
763     0.013756998     0.011854465     292.442     38.622    214.464     146.777    0.020000
764     0.012684032     0.010950826     289.382     36.463    216.426     147.991    0.010000
765     0.014967428     0.011825865     289.834     35.867    215.795     147.152    0.010000
766     0.013897178     0.011352401     289.519     37.343    214.766     146.883    0.010000
767     0.012168849     0.013314877     288.064     37.323    217.547     148.284    0.010000
768     0.016442934     0.012232652     293.867     39.075    218.732     148.654    0.020000
769     0.016444147     0.012311539     288.691     35.820    214.002     144.509    0.000000
770     0.010866136     0.013531966     288.359     38.102    218.159     145.943    0.020000
771     0.013572539     0.013906456     292.853     38.303    215.043     144.566    0.010000
772     0.011211237     0.013551777     292.781     39.802    218.789     147.532    0.020000
773     0.014603053     0.014491297     288.995     39.997    214.514     145.777    0.000000
774     0.012838290     0.012805557     292.898     40.542    213.526     148.695    0.010000
775     0.022086216     0.012067794     290.943     40.076    218.084     148.569    0.010000
776     0.017828347     0.012017324     292.335     40.506    213.765     144.085    0.010000
777     0.011243144     0.011335453     290.171     40.073    216.319     144.690    0.020000
778     0.012461276     0.010526016     294.910     41.513    213.713     148.327    0.010000
779     0.017821835     0.013209755     289.424     38.540    215.122     144.676    0.010000
780     0.010239369     0.010721432     295.021     40.335    213.724     143.924    0.010000
781     0.011886291     0.011889152     291.000     40.725    218.986     144.955    0.020000
782     0.012426959     0.013056372     294.452     40.020    215.275     145.432    0.020000
783     0.011049059     0.012633695     297.475     42.693    215.534     149.686    0.000000
784     0.028244093     0.014561528     295.478     42.165    216.214     145.603    0.020000
785     0.011235444     0.012451780     294.405     41.509    213.596     149.369    0.010000
786     0.020984087     0.011077849     297.818     42.854    213.429     143.874    0.010000
787     0.010996420     0.011534763     303.263     42.626    216.191     145.565    0.010000
788     0.012210120     0.010131968     299.977     42.975    215.197     145.719    0.010000
789     0.011294959     0.014108962     301.069     43.066    215.681     145.317    0.010000
790     0.011106011     0.011108040     297.953     41.409    217.445     144.412    0.020000
791     0.012653884     0.010863179     304.425     44.729    221.820     145.971    0.010000
792     0.013523224     0.016781582     305.431     42.570    220.659     145.167    0.010000
793     0.010967150     0.012102329     303.962     43.665    217.871     144.448    0.010000
794     0.010788986     0.012589682     308.262     44.922    221.470     145.054    0.010000
795     0.011304208     0.014030350     306.919     43.933    222.080     144.671    0.020000
796     0.010967266     0.012659288     315.694     47.563    218.730     143.607    0.010000
797     0.010520261     0.016168844     316.229     46.880    218.266     142.950    0.020000
798     0.009587647     0.010883993     310.217     44.631    228.157     145.238    0.000000
799     0.012466753     0.012591296     312.168     45.122    230.353     145.726    0.020000
800     0.012183914     0.010665101     314.682     46.028    226.585     144.118    0.010000
801     0.012155442     0.011690030     312.746     44.469    225.916     142.392    0.020000
802     0.009791578     0.011612711     318.283     46.321    234.628     145.786    0.000000
803     0.015302714     0.013939689     318.365     45.931    231.225     144.331    0.020000
804     0.012375687     0.011249078     320.426     44.534    238.037     145.886    0.010000
805     0.013256895     0.010228600     322.485     46.606    246.962     147.551    0.010000
806     0.013904564     0.013262128     326.630     46.198    240.195     145.603    0.010000
807     0.012305850     0.012340149     324.685     46.848    249.212     147.911    0.010000
808     0.015916986     0.013282345     327.629     45.518    235.903     142.934    0.020000
809     0.010591756     0.012179658     328.961     47.667    241.680     144.556    0.010000
810     0.012033120     0.014324221     327.250     46.473    240.395     143.097    0.020000
811     0.011166339     0.010639441     328.415     45.864    250.063     146.870    0.010000
812     0.013945547     0.011593343     330.794     47.372    248.601     145.780    0.010000
813     0.012125979     0.013795111     335.489     46.327    242.052     144.296    0.010000
814     0.011278533     0.011452083     330.281     45.900    250.280     146.293    0.010000
815     0.015857989     0.012695237     337.230     45.575    246.441     144.797    0.010000
816     0.012176619     0.011497659     336.312     46.783    252.927     146.332    0.020000
817     0.014094193     0.012877238     339.090     47.654    247.353     145.117    0.010000
818     0.010923306     0.013094017     337.427     46.663    253.216     145.975    0.010000
819     0.012148406     0.011810347     340.262     47.392    262.841     148.447    0.010000
820     0.015207417     0.013584396     338.739     45.261    254.657     146.937    0.010000
821     0.012239364     0.011599978     339.950     45.890    262.721     148.813    0.010000
822     0.018987076     0.010632744     338.794     44.992    253.801     145.997    0.020000
823     0.013086103     0.011382367     339.405     45.130    262.731     148.666    0.010000
824     0.017773436     0.011393514     339.971     45.323    252.801     145.093    0.010000
825     0.011138677     0.011242856     343.057     46.620    261.057     147.883    0.020000
826     0.015714301     0.012625810     342.079     46.625    257.742     147.409    0.000000
827     0.013802870     0.012255594     337.751     43.591    259.186     147.619    0.020000
828     0.013826382     0.010295837     341.457     41.929    263.023     148.605    0.000000
829     0.016258441     0.011237742     342.007     45.292    262.051     148.371    0.020000
830     0.015133628     0.018202726     339.371     43.429    254.727     146.047    0.020000
831     0.012290315     0.012141406     341.560     45.718    254.484     146.589    0.000000
832     0.012966010     0.014936955     340.696     44.735    255.501     145.571    0.010000
833     0.012497913     0.011504211     342.992     46.066    265.262     149.403    0.010000
834     0.017843824     0.011546807     340.431     44.749    263.723     149.206    0.020000
835     0.021466523     0.011771939     343.605     45.818    260.002     148.234    0.000000
836     0.016604038     0.013240456     343.087     42.935    253.813     145.788    0.020000
837     0.011952003     0.012116851     339.834     44.137    257.285     147.660    0.010000
838     0.014933162     0.012356324     343.990     46.941    260.529     148.944    0.010000
839     0.019717742     0.014635837     340.541     44.692    262.912     148.993    0.010000
840     0.016428838     0.010480993     337.898     43.236    263.330     149.538    0.020000
841     0.020361852     0.011356407     341.515     45.934    256.733     148.374    0.010000
842     0.017295483     0.017211486     341.555     46.196    261.711     149.156    0.020000
843     0.016845291     0.013205485     338.585     44.011    261.545     149.166    0.000000
844     0.020283192     0.010299722     338.693     44.927    255.260     147.758    0.010000
845     0.015246020     0.011061049     337.225     44.283    259.584     147.753    0.020000
846     0.013632865     0.011488172     339.400     44.841    260.980     149.121    0.010000
847     0.019062489     0.012957529     336.038     43.555    256.170     148.203    0.010000
848     0.016197959     0.010400626     338.987     45.356    255.220     149.248    0.020000
849     0.019275555     0.014598625     339.080     46.052    264.037     149.579    0.010000
850     0.017600685     0.013429906     337.373     45.028    250.518     145.916    0.010000
851     0.012573763     0.011829923     336.695     45.080    258.474     149.076    0.020000
852     0.017208222     0.011483913     340.647     46.171    251.853     147.733    0.000000
853     0.013999509     0.013361147     341.956     47.858    259.755     149.294    0.010000
854     0.015305742     0.016941143     340.996     47.158    260.023     149.127    0.020000
855     0.016405515     0.012895479     338.028     44.195    247.549     146.302    0.010000
856     0.012145057     0.010576194     331.681     44.009    254.146     147.307    0.010000
857     0.013549414     0.010590353     332.678     41.600    250.101     145.640    0.020000
858     0.012620464     0.011383862     333.913     45.057    255.790     148.644    0.000000
859     0.018493492     0.014799546     331.853     44.845    254.711     148.416    0.010000
860     0.016024452     0.013439397     331.814     44.685    250.539     147.849    0.010000
861     0.012778326     0.011081700     334.774     46.294    246.103     147.073    0.020000
862     0.012861348     0.014711791     338.269     47.482    246.022     145.924    0.010000
863     0.011179135     0.012455061     332.436     45.534    253.949     149.017    0.020000
864     0.018990809     0.011345000     335.606     44.778    251.284     147.877    0.010000
865     0.012775382     0.011580202     329.835     44.389    251.199     147.564    0.010000
866     0.013813692     0.011632311     330.981     44.686    248.422     146.110    0.010000
867     0.011477961     0.013353343     330.219     44.532    261.040     149.829    0.010000
868     0.022101801     0.012569341     337.179     47.217    254.929     148.940    0.020000
869     0.015659964     0.013093650     334.934     45.519    251.797     148.054    0.010000
870     0.016604163     0.010668495     328.328     43.492    253.408     149.476    0.010000
871     0.021114182     0.010687442     336.358     46.140    244.735     147.632    0.010000
872     0.014828549     0.013898470     330.880     44.363    254.539     149.448    0.010000
873     0.020459568     0.010935712     337.812     46.865    248.674     148.773    0.010000
874     0.015964201     0.015120943     338.308     46.994    246.859     148.365    0.020000
875     0.013101783     0.011459582     337.026     45.155    246.255     147.665    0.010000
876     0.014645185     0.011222046     331.448     44.814    245.724     148.360    0.010000
877     0.016690701     0.011324528     336.575     45.454    244.751     148.208    0.010000
878     0.017407611     0.012938834     339.352     47.750    249.641     149.928    0.020000
879     0.021874618     0.014273743     334.739     41.883    243.132     147.873    0.010000
880     0.012793069     0.010477995     339.024     47.779    245.299     148.951    0.010000
881     0.014291448     0.019542309     333.623     46.270    239.355     147.765    0.010000
882     0.014677994     0.012422779     340.511     44.786    249.917     149.596    0.020000
883     0.021668354     0.010259032     332.500     46.081    240.285     147.915    0.000000
884     0.014441121     0.014017241     342.948     46.159    240.093     148.739    0.020000
885     0.014905090     0.012100176     339.686     43.976    241.914     148.668    0.010000
886     0.017855531     0.010594232     342.874     45.924    246.215     149.558    0.010000
887     0.016496781     0.012925358     333.890     46.287    236.730     148.642    0.020000
888     0.017951652     0.012490487     340.882     44.005    238.513     148.569    0.000000
889     0.015455958     0.010806256     341.194     44.364    236.609     148.135    0.020000
890     0.015410246     0.011127683     333.120     45.952    236.287     148.252    0.010000
891     0.017636208     0.012661501     340.625     44.045    239.936     149.378    0.010000
892     0.021506621     0.011169188     342.147     44.559    237.719     149.752    0.010000
893     0.023880780     0.011701004     343.414     44.805    231.418     148.528    0.010000
894     0.015376706     0.015785675     339.724     48.655    232.773     149.133    0.010000
