fNo.       mw1            mw2        best1.x[0]     best1.theta     best2.x[0]   best2.theta   t/frame
0     0.000000000     0.000000000     311.226     41.148    234.598     151.650    0.530000
1     0.023355840     0.013741819     310.840     37.203    225.898     149.976    0.020000
2     0.009852223     0.005506917     312.763     41.340    225.471     149.681    0.010000
3     0.009689469     0.007488757     314.456     42.009    224.125     148.849    0.030000
4     0.007822109     0.006693843     318.334     38.692    220.934     149.777    0.010000
5     0.010304570     0.006034008     314.435     41.415    227.975     149.553    0.010000
6     0.010954781     0.007894611     315.973     42.311    230.429     149.587    0.020000
7     0.010329532     0.006633657     320.630     39.550    227.346     148.821    0.030000
8     0.007664370     0.005421674     319.546     43.069    229.682     149.608    0.010000
9     0.009481395     0.007486076     315.100     40.909    221.698     149.744    0.020000
10     0.009738463     0.005719425     316.327     41.204    229.306     149.597    0.020000
11     0.009129016     0.006413753     300.541     40.245    258.086     149.525    0.020000
12     0.008978466     0.005170431     301.022     40.974    262.131     149.709    0.010000
13     0.011134829     0.006855484     300.665     39.319    256.304     149.346    0.020000
14     0.010763296     0.005961952     296.601     39.649    259.658     149.569    0.020000
15     0.009872403     0.005919745     297.965     40.720    257.999     149.493    0.020000
16     0.011690833     0.006847776     295.890     39.957    251.979     148.794    0.020000
17     0.008778850     0.006085378     297.573     40.708    255.424     148.853    0.020000
18     0.007882894     0.006021803     294.239     37.367    250.181     148.995    0.020000
19     0.008950640     0.005718033     302.540     38.426    246.576     147.968    0.020000
20     0.007400089     0.006404359     299.338     41.044    254.094     149.961    0.010000
21     0.011164712     0.006745798     297.804     40.159    253.701     149.775    0.020000
22     0.010833912     0.005814831     300.009     37.059    244.220     148.913    0.020000
23     0.007612952     0.005309000     300.103     40.546    244.064     149.180    0.020000
24     0.008325825     0.006990813     300.581     40.675    246.346     149.871    0.020000
25     0.009990702     0.006522874     305.716     38.067    244.154     149.844    0.010000
26     0.010398548     0.005413571     301.295     40.203    239.966     148.885    0.030000
27     0.007430767     0.006827033     307.346     37.870    238.785     149.274    0.010000
28     0.009033702     0.006080928     303.754     40.105    231.115     149.634    0.010000
29     0.010846993     0.006843887     301.975     36.283    235.690     149.333    0.020000
30     0.009695320     0.005656499     310.294     38.280    235.848     149.790    0.020000
31     0.010774232     0.006896934     307.318     41.091    232.576     149.136    0.020000
32     0.008217089     0.007390672     306.979     40.846    228.744     149.363    0.010000
33     0.009733161     0.005841516     308.998     40.785    230.313     149.346    0.030000
34     0.009760492     0.006426055     310.398     41.733    228.745     149.404    0.010000
35     0.009649729     0.006554576     309.511     40.752    232.734     149.934    0.020000
36     0.012251464     0.006016371     314.559     42.743    229.064     149.640    0.010000
37     0.008745000     0.007216060     312.862     42.139    225.874     149.821    0.020000
38     0.009006196     0.005930244     316.832     38.982    227.268     149.280    0.020000
39     0.009161446     0.005622662     317.301     38.998    228.915     149.412    0.020000
40     0.009894913     0.005601057     313.104     41.159    230.731     149.945    0.010000
41     0.010200014     0.007170717     315.479     42.148    227.280     149.584    0.020000
42     0.011711260     0.006141396     313.099     40.798    223.842     148.847    0.020000
43     0.010127932     0.005796783     314.494     41.572    229.268     149.324    0.020000
44     0.009353782     0.006378372     319.058     43.238    230.093     149.857    0.020000
45     0.009469133     0.006597652     321.379     39.137    231.790     149.997    0.020000
46     0.010802381     0.005533577     320.381     38.757    220.749     149.581    0.010000
47     0.008412668     0.005861264     314.758     40.941    219.822     149.533    0.020000
48     0.009804565     0.006474182     317.518     41.765    224.137     148.681    0.010000
49     0.007954425     0.006391992     323.948     39.400    225.736     149.193    0.020000
50     0.008646492     0.005167319     318.059     41.652    230.454     149.162    0.020000
51     0.008987760     0.006786285     320.455     39.475    229.177     149.445    0.010000
52     0.009690076     0.005607478     317.683     40.698    230.038     149.041    0.030000
53     0.009598267     0.006296542     321.475     41.713    232.906     149.113    0.020000
54     0.008850646     0.006067695     322.762     41.692    234.159     149.891    0.010000
55     0.008994604     0.006889897     325.472     42.522    234.824     149.543    0.020000
56     0.008489365     0.006317435     321.629     40.903    238.217     149.757    0.010000
57     0.009407233     0.005324736     325.687     41.864    237.711     149.570    0.020000
58     0.009700450     0.006249509     325.281     41.298    235.400     149.221    0.030000
59     0.009863333     0.005648767     325.138     38.248    242.402     149.874    0.000000
60     0.010073576     0.005245514     330.979     38.156    237.125     149.256    0.020000
61     0.009995623     0.006438485     321.878     35.618    242.931     149.756    0.030000
62     0.008895576     0.005208852     331.734     37.784    245.079     149.889    0.010000
63     0.010597624     0.006727900     325.794     39.534    243.667     149.713    0.020000
64     0.011046625     0.007343796     324.985     38.171    246.470     149.593    0.020000
65     0.008689752     0.005579060     326.104     38.361    246.637     149.216    0.010000
66     0.009702245     0.006218945     326.903     38.448    246.645     149.013    0.030000
67     0.007805340     0.005782020     330.943     39.301    250.735     149.516    0.010000
68     0.008528847     0.006429168     328.249     37.411    246.782     149.874    0.020000
69     0.010852321     0.005804643     336.952     36.666    251.140     148.778    0.010000
70     0.008362152     0.005979453     329.187     36.951    257.815     149.880    0.020000
71     0.010545053     0.006197940     331.485     38.118    256.546     149.170    0.020000
72     0.008898880     0.006770459     334.171     38.211    263.060     149.809    0.020000
73     0.009246365     0.006115082     331.783     37.555    259.781     149.067    0.020000
74     0.008538133     0.006558444     333.908     37.701    263.538     149.387    0.020000
75     0.009310377     0.005736125     337.099     38.404    255.861     149.117    0.020000
76     0.007721906     0.005885014     333.739     37.154    259.244     149.915    0.010000
77     0.009254104     0.005896510     336.862     38.049    260.426     149.507    0.010000
78     0.009734042     0.006596140     336.351     37.385    261.257     149.912    0.020000
79     0.010692134     0.006008513     337.204     37.605    258.757     148.102    0.030000
80     0.006744290     0.006929043     334.452     36.575    262.736     149.073    0.010000
81     0.008643219     0.005675883     336.672     36.592    265.404     149.475    0.020000
82     0.010391636     0.006157774     338.444     37.300    266.293     149.500    0.020000
83     0.010349914     0.006229824     337.173     34.601    264.306     148.807    0.020000
84     0.008664342     0.006581386     338.675     36.653    265.568     148.938    0.020000
85     0.008142139     0.006009428     339.416     36.719    265.886     148.851    0.010000
86     0.008935628     0.007150666     340.078     36.812    266.972     149.177    0.010000
87     0.008972442     0.005983636     337.361     35.850    264.572     148.018    0.020000
88     0.007677302     0.005132940     337.762     33.795    268.763     149.371    0.020000
89     0.008485692     0.006022141     339.077     35.881    271.562     149.677    0.020000
90     0.012058831     0.006581449     339.470     36.256    263.585     147.608    0.020000
91     0.006678221     0.005741355     337.491     35.547    267.773     148.456    0.010000
92     0.007569104     0.005925770     340.346     35.993    265.217     147.744    0.020000
93     0.007604338     0.006098750     342.091     36.614    274.694     148.658    0.010000
94     0.008065902     0.006385837     340.282     36.018    265.371     147.931    0.020000
95     0.006745180     0.005995934     340.688     36.139    260.959     146.032    0.020000
96     0.005529927     0.005559169     343.302     36.899    267.373     147.690    0.010000
97     0.007628562     0.005795427     342.742     36.656    261.832     146.199    0.030000
98     0.005911445     0.005613143     343.331     36.591    261.855     145.891    0.010000
99     0.005494500     0.005910466     342.770     35.874    264.883     146.792    0.020000
100     0.006513826     0.005713015     343.835     36.598    270.557     148.208    0.010000
101     0.008389657     0.005908362     342.360     36.307    260.960     145.681    0.030000
102     0.006227919     0.005559091     341.789     33.318    263.586     146.206    0.010000
103     0.006157876     0.006583821     340.265     34.582    261.110     145.085    0.020000
104     0.006226406     0.005943980     343.859     35.429    261.023     144.967    0.020000
105     0.005395510     0.006715833     342.194     34.954    260.595     145.099    0.020000
106     0.005939026     0.006176214     342.790     35.218    255.062     142.169    0.020000
107     0.005529692     0.006040315     343.964     35.290    260.000     144.410    0.010000
108     0.006761250     0.006297227     343.964     35.589    255.810     142.718    0.030000
109     0.005225783     0.006406255     343.735     34.787    257.666     143.682    0.010000
110     0.005907654     0.005666609     343.883     36.781    255.490     143.244    0.020000
111     0.005710050     0.006392669     343.724     36.078    249.935     140.774    0.010000
112     0.005615375     0.006276452     342.944     34.529    246.387     139.665    0.020000
113     0.005183801     0.005952636     342.865     33.090    245.173     139.434    0.020000
114     0.005674609     0.006964705     343.720     32.826    259.661     143.774    0.010000
115     0.007710927     0.006624980     343.902     33.906    262.515     144.389    0.030000
116     0.006618423     0.006088012     342.939     32.605    242.253     137.346    0.010000
117     0.005744071     0.007112053     343.790     32.689    232.718     134.122    0.020000
118     0.005256507     0.007419573     343.115     32.552    231.863     134.306    0.010000
119     0.005758252     0.006981796     343.607     32.835    225.616     132.390    0.020000
120     0.005463338     0.007203695     343.760     35.164    226.836     133.855    0.030000
121     0.006062203     0.005899445     342.952     32.229    215.914     129.744    0.020000
122     0.005485088     0.007889140     343.033     33.064    214.326     130.328    0.010000
123     0.005513798     0.006214048     343.995     34.568    222.993     135.074    0.020000
124     0.008427406     0.006366787     341.654     31.402    214.890     133.011    0.020000
125     0.005869656     0.006679306     343.403     32.294    218.846     135.043    0.010000
126     0.005966706     0.007835797     341.602     31.610    217.141     135.844    0.020000
127     0.005998321     0.008116973     343.898     34.040    226.667     140.906    0.020000
128     0.008175031     0.006918220     343.121     31.664    225.739     141.056    0.020000
129     0.006040239     0.007245501     343.987     31.730    242.399     147.798    0.020000
130     0.012096415     0.007957888     343.312     31.451    244.859     149.538    0.010000
131     0.009479018     0.008421037     342.440     30.320    242.525     149.915    0.020000
132     0.009977422     0.011345356     343.286     31.825    245.506     149.794    0.010000
133     0.010648305     0.007313329     343.206     30.299    246.964     148.997    0.030000
134     0.009318816     0.010827404     339.587     30.799    256.701     149.784    0.010000
135     0.009566326     0.010047111     341.884     30.022    254.927     149.404    0.020000
136     0.009174816     0.010451300     343.721     30.536    256.691     149.699    0.020000
137     0.008865383     0.009744696     343.572     30.705    267.469     149.805    0.010000
138     0.010893807     0.009113647     341.121     30.821    265.077     149.656    0.020000
139     0.009776573     0.008869629     342.286     30.241    262.529     149.905    0.020000
140     0.010562755     0.009551144     343.775     30.243    262.325     149.787    0.020000
141     0.010557728     0.009916547     343.811     30.861    255.353     149.630    0.020000
142     0.008824915     0.009340653     341.220     31.237    262.202     149.748    0.010000
143     0.009824116     0.008519093     341.966     30.102    261.889     149.819    0.030000
144     0.010949087     0.011222703     343.108     30.245    262.976     149.588    0.010000
145     0.010314111     0.009872351     343.743     31.496    259.997     149.914    0.020000
146     0.011068775     0.007875718     340.886     30.330    269.112     149.945    0.020000
147     0.010654307     0.009060876     339.448     30.113    257.791     149.756    0.020000
148     0.009382533     0.009486686     339.157     30.233    260.478     148.772    0.020000
149     0.008384956     0.009869745     343.676     30.796    267.343     149.981    0.010000
150     0.012011946     0.008225515     343.811     30.069    271.861     149.800    0.020000
151     0.009905855     0.010189853     341.827     30.246    266.158     149.784    0.020000
152     0.011132220     0.010580805     343.814     30.498    274.258     149.942    0.020000
153     0.010419182     0.010568357     342.748     30.672    268.364     149.577    0.010000
154     0.008279065     0.009938070     342.552     31.425    267.389     149.407    0.030000
155     0.010123165     0.008065933     341.084     30.580    271.515     149.630    0.010000
156     0.010371885     0.008581008     343.594     30.031    270.709     149.445    0.020000
157     0.009634613     0.012268774     342.697     30.592    268.366     149.406    0.020000
158     0.008777969     0.009383165     343.613     30.615    269.809     149.891    0.020000
159     0.012271423     0.009602856     342.445     30.728    277.344     149.815    0.020000
160     0.009515611     0.009935547     343.674     30.738    269.778     149.753    0.010000
161     0.008762114     0.009380179     343.677     30.795    270.464     149.966    0.020000
162     0.010585301     0.008622020     339.541     30.090    268.092     149.741    0.020000
163     0.010535444     0.011338958     342.134     31.003    279.326     149.937    0.010000
164     0.010242903     0.008995739     343.221     30.169    280.610     149.808    0.030000
165     0.009741682     0.010543316     342.804     30.184    276.263     149.344    0.010000
166     0.009630558     0.009402478     343.276     30.267    276.955     149.640    0.030000
167     0.009911872     0.010578495     342.135     30.171    280.315     149.952    0.010000
168     0.011539654     0.009287603     340.967     30.123    274.571     149.979    0.010000
169     0.010233176     0.014928816     340.886     30.462    273.416     149.980    0.030000
170     0.012118343     0.010057064     343.251     31.196    276.826     149.918    0.010000
171     0.011708900     0.008390763     341.688     31.460    273.431     149.982    0.020000
172     0.011602622     0.007388773     340.787     31.111    272.544     149.904    0.020000
173     0.009871691     0.009816803     341.918     33.062    279.357     149.768    0.010000
174     0.009404262     0.006420668     342.687     33.621    279.904     149.604    0.030000
175     0.009911525     0.006787410     339.870     31.715    277.724     149.530    0.020000
176     0.009162658     0.006848106     343.157     34.256    279.183     148.942    0.010000
177     0.008094207     0.005794613     341.617     32.498    276.598     148.739    0.020000
178     0.008588721     0.006169570     342.949     33.311    279.975     149.986    0.020000
179     0.010560717     0.006689883     341.374     32.954    274.814     149.092    0.020000
180     0.008532384     0.006764196     341.908     33.305    272.383     148.996    0.010000
181     0.008307105     0.006339114     341.525     33.012    273.370     148.960    0.020000
182     0.009561630     0.006553412     337.415     31.835    274.787     149.375    0.020000
183     0.008235914     0.007596278     338.919     32.808    274.846     149.811    0.020000
184     0.010330189     0.006844412     338.576     33.849    274.444     149.504    0.020000
185     0.010709833     0.007485860     343.884     34.114    273.765     149.404    0.010000
186     0.009242887     0.006150872     337.626     32.831    279.770     149.950    0.020000
187     0.011745241     0.007376001     337.660     32.714    274.941     149.717    0.030000
188     0.010396606     0.006868892     341.133     33.850    277.896     149.464    0.010000
189     0.009113407     0.006571709     338.014     33.507    272.575     149.439    0.010000
190     0.009478265     0.006953574     343.868     36.217    272.478     148.162    0.030000
191     0.006991982     0.006783094     334.738     32.511    272.167     148.500    0.010000
192     0.007161751     0.006507735     336.886     33.623    272.616     149.656    0.020000
193     0.010012985     0.007037879     335.046     33.112    280.934     149.838    0.020000
194     0.009487999     0.006661668     340.234     35.098    275.522     148.090    0.020000
195     0.007149992     0.006996353     339.415     35.020    276.081     148.475    0.020000
196     0.007134723     0.005975909     334.163     33.047    273.850     149.968    0.020000
197     0.010535012     0.006294553     333.046     32.700    270.050     148.015    0.010000
198     0.007615821     0.008398902     337.349     34.183    273.856     149.653    0.020000
199     0.010305582     0.006734551     339.395     35.044    272.961     149.520    0.020000
200     0.008528206     0.006650577     337.665     34.351    269.423     148.579    0.020000
201     0.008136367     0.006159875     333.186     34.809    272.785     149.735    0.010000
202     0.010348413     0.006521264     332.940     34.846    273.678     149.509    0.020000
203     0.008630947     0.006194298     332.447     33.001    268.662     148.284    0.020000
204     0.007465239     0.006959536     331.646     32.647    273.213     149.564    0.020000
205     0.011444541     0.006851054     337.088     34.545    272.291     149.389    0.020000
206     0.009698020     0.006542296     330.799     33.894    275.548     148.690    0.020000
207     0.008443424     0.006061213     329.957     33.787    268.862     148.685    0.010000
208     0.008903665     0.006958314     331.346     32.700    267.136     148.475    0.030000
209     0.008495813     0.006578794     328.949     32.079    270.222     149.461    0.010000
210     0.009739734     0.007815261     336.158     34.644    266.699     148.335    0.010000
211     0.008110736     0.006245750     336.261     34.395    268.628     149.030    0.030000
212     0.008052734     0.007162310     330.914     32.696    267.875     147.308    0.010000
213     0.006428062     0.007025043     336.260     35.682    266.373     148.503    0.030000
214     0.007843546     0.006816001     329.863     34.239    267.384     149.077    0.010000
215     0.007863376     0.006094171     329.460     34.105    267.816     147.699    0.020000
216     0.007120484     0.006574982     329.664     32.698    261.133     147.452    0.020000
217     0.006575420     0.006642307     329.014     32.284    271.421     149.247    0.020000
218     0.010290786     0.006548280     332.089     33.700    263.437     148.714    0.020000
219     0.007818159     0.007726334     327.293     33.766    266.147     149.329    0.010000
220     0.009302324     0.006614989     332.969     34.038    264.105     149.188    0.020000
221     0.009794832     0.006409421     327.130     33.866    263.143     147.000    0.020000
222     0.006703425     0.006834520     327.307     32.680    262.770     147.404    0.020000
223     0.007523227     0.007051702     332.904     35.576    256.119     147.311    0.020000
224     0.006281390     0.006717118     325.327     32.500    262.841     147.988    0.020000
225     0.008110206     0.006660826     324.248     32.074    260.069     147.335    0.010000
226     0.006183730     0.007945008     323.937     32.169    260.697     147.784    0.020000
227     0.007050411     0.007888108     324.039     33.938    258.113     147.017    0.020000
228     0.007142836     0.006634910     323.936     34.512    256.933     147.047    0.010000
229     0.006457020     0.006211095     322.367     32.214    257.151     147.610    0.030000
230     0.006905679     0.007000671     323.434     32.925    257.791     149.399    0.020000
231     0.011017986     0.007503645     323.982     34.860    256.958     147.683    0.020000
232     0.007800967     0.007330575     321.618     32.833    250.836     147.700    0.010000
233     0.007087656     0.006088352     322.237     33.414    258.262     148.537    0.020000
234     0.008205183     0.007057222     324.043     34.263    255.317     147.703    0.020000
235     0.006662247     0.006299034     322.816     34.223    252.428     148.703    0.020000
236     0.008897580     0.006219777     320.820     33.893    256.824     148.395    0.020000
237     0.007967917     0.006167202     325.122     33.620    260.960     149.750    0.010000
238     0.010011407     0.005892830     319.643     35.556    249.329     148.131    0.020000
239     0.007349342     0.007289419     320.410     36.268    253.180     149.429    0.020000
240     0.009073064     0.006627752     318.577     35.840    256.904     148.984    0.020000
241     0.008457844     0.005524711     319.184     34.593    253.208     148.094    0.010000
242     0.006662407     0.006705627     321.550     37.252    253.978     148.056    0.020000
243     0.007844327     0.006666228     319.297     36.761    254.787     148.821    0.020000
244     0.008668397     0.006168855     316.137     34.303    253.090     148.448    0.020000
245     0.009428395     0.006476820     320.666     37.405    256.479     149.001    0.020000
246     0.008999046     0.007424064     322.482     36.677    253.480     148.472    0.010000
247     0.007751114     0.005998774     321.342     37.792    257.679     149.443    0.020000
248     0.008962397     0.005885144     319.350     37.551    255.479     149.250    0.020000
249     0.009784854     0.005823794     319.184     35.853    257.461     149.823    0.030000
250     0.009689759     0.005473832     318.683     35.534    255.089     149.029    0.020000
251     0.008007054     0.005726999     317.815     35.673    257.310     149.494    0.010000
252     0.009082883     0.006715761     316.909     35.418    248.815     147.882    0.020000
253     0.007077433     0.005277993     319.974     38.232    249.154     149.910    0.020000
254     0.011971744     0.007050230     314.053     36.126    249.800     147.606    0.020000
255     0.007570346     0.005776113     321.298     38.299    255.263     149.640    0.010000
256     0.011698019     0.007276574     319.594     37.594    252.130     148.566    0.020000
257     0.008022432     0.005661167     318.146     37.161    246.485     149.499    0.020000
258     0.010536718     0.005688926     319.957     37.488    245.798     149.737    0.020000
259     0.010674285     0.006473282     319.786     37.274    248.641     149.120    0.020000
260     0.009904971     0.006410600     317.160     33.849    244.489     148.296    0.020000
261     0.007752803     0.005485508     319.515     35.317    243.288     149.435    0.020000
262     0.011022442     0.006788983     321.135     36.744    248.881     149.778    0.010000
263     0.010314168     0.007744381     318.192     33.830    248.718     149.959    0.020000
264     0.011111400     0.006109642     319.044     34.150    240.277     147.788    0.020000
265     0.007715968     0.006174293     319.451     34.005    243.130     148.673    0.020000
266     0.008298879     0.006812797     322.690     36.607    241.128     149.760    0.010000
267     0.008980043     0.006630622     318.268     33.105    240.873     149.811    0.020000
268     0.010010606     0.006016217     319.801     33.833    239.055     147.959    0.020000
269     0.007168876     0.006112787     319.976     33.521    246.559     149.255    0.020000
270     0.008161503     0.006459198     318.953     32.938    237.570     148.276    0.020000
271     0.007098523     0.005733737     321.619     33.867    235.189     147.638    0.020000
272     0.006681585     0.006381987     326.426     36.254    238.377     149.201    0.020000
273     0.008236137     0.007159154     322.205     33.983    239.078     149.594    0.010000
274     0.010367268     0.006119411     326.547     35.820    236.909     148.854    0.020000
275     0.008642154     0.006917679     320.916     35.529    234.550     147.929    0.020000
276     0.006894613     0.005416077     327.878     36.492    234.189     147.945    0.020000
277     0.006974881     0.006398714     321.634     35.599    238.259     149.924    0.020000
278     0.011586717     0.006042711     327.082     35.755    241.391     149.030    0.020000
279     0.008321032     0.005476562     328.203     36.270    245.593     149.865    0.010000
280     0.009422162     0.006169038     324.206     36.614    243.001     149.357    0.020000
281     0.009056048     0.006337076     323.699     36.666    236.139     149.141    0.020000
282     0.009232497     0.006226991     324.743     36.815    242.930     149.530    0.020000
283     0.009452310     0.005766646     323.960     36.770    241.862     148.929    0.020000
284     0.007807132     0.005602384     324.166     36.828    243.785     149.859    0.010000
285     0.010235793     0.006137916     326.058     37.666    236.288     148.792    0.020000
286     0.008407857     0.005815498     325.889     37.377    243.003     148.625    0.020000
287     0.007610060     0.006030396     327.119     38.160    235.281     148.956    0.020000
288     0.007319917     0.006775319     329.643     35.008    237.559     149.312    0.020000
289     0.008305161     0.006042634     329.332     38.857    238.303     148.183    0.020000
290     0.007026108     0.008462009     331.926     35.900    243.258     149.083    0.010000
291     0.010084531     0.005819294     329.347     38.638    238.397     148.032    0.020000
292     0.007398617     0.008164190     326.953     37.672    245.148     149.837    0.020000
293     0.010581756     0.006224012     326.308     37.499    239.626     147.236    0.020000
294     0.005791696     0.006154881     325.391     36.693    243.950     148.435    0.010000
295     0.007611592     0.005962311     328.487     36.673    242.060     148.626    0.020000
296     0.009549097     0.006305320     330.462     34.881    242.021     148.572    0.020000
297     0.007870992     0.006491989     331.635     37.512    237.587     149.669    0.020000
298     0.009248725     0.007422450     331.943     36.946    239.172     149.101    0.020000
299     0.007968919     0.005799636     331.306     35.862    237.019     148.326    0.010000
300     0.008443980     0.005464829     333.303     36.213    241.074     149.224    0.020000
301     0.008277489     0.006154665     337.054     36.670    234.306     149.949    0.020000
302     0.009508166     0.006086331     334.808     35.850    236.345     148.859    0.020000
303     0.008438256     0.006234835     334.092     35.685    236.282     149.750    0.020000
304     0.010163484     0.006391882     338.734     36.792    237.136     148.930    0.020000
305     0.007884079     0.006760012     331.062     32.072    237.970     149.536    0.020000
306     0.009672875     0.006670468     333.313     32.835    234.999     149.894    0.010000
307     0.010965573     0.007995001     334.050     33.094    235.439     149.118    0.020000
308     0.007958329     0.006959264     334.281     35.198    233.868     149.835    0.020000
309     0.010391822     0.007119867     333.602     33.385    236.468     149.238    0.020000
310     0.009278378     0.006344546     336.841     34.486    236.361     149.420    0.020000
311     0.008680039     0.006638103     340.683     36.889    242.966     149.657    0.020000
312     0.009138776     0.007573828     339.383     36.588    237.662     149.587    0.010000
313     0.011137574     0.005688908     334.542     34.202    237.416     149.987    0.020000
314     0.010957503     0.006020729     332.360     33.579    238.341     148.372    0.020000
315     0.007794306     0.006521775     331.560     33.471    237.933     148.682    0.020000
316     0.007326965     0.006488432     336.152     35.412    241.669     149.849    0.010000
317     0.010523324     0.006886348     332.524     34.328    241.504     149.341    0.030000
318     0.010092475     0.005906813     331.861     33.832    239.984     148.688    0.010000
319     0.007887496     0.006253107     332.404     34.521    242.477     148.587    0.020000
320     0.008906649     0.006414013     330.956     33.853    239.199     148.762    0.020000
321     0.007426080     0.005964063     337.104     34.419    246.289     149.555    0.020000
322     0.009354018     0.006818756     331.554     36.317    239.012     148.566    0.020000
323     0.007585526     0.006487929     331.368     36.429    246.672     149.697    0.010000
324     0.008718316     0.005833950     330.429     36.280    246.421     149.249    0.020000
325     0.008235544     0.006303306     330.692     36.315    246.797     149.354    0.020000
326     0.009008954     0.006029077     330.094     36.368    241.465     149.653    0.020000
327     0.010253771     0.006216222     328.130     33.041    239.998     149.352    0.020000
328     0.009542025     0.007155135     327.802     32.854    248.188     149.844    0.010000
329     0.010110242     0.006870792     329.748     36.798    247.398     149.774    0.030000
330     0.010852668     0.007626078     329.812     33.447    242.369     149.740    0.010000
331     0.010229372     0.006177718     328.726     36.090    240.501     149.069    0.020000
332     0.009398964     0.006878971     329.504     33.802    240.297     149.497    0.020000
333     0.008916434     0.005816591     329.885     36.196    238.958     149.206    0.020000
334     0.009664262     0.006758029     331.542     36.680    245.515     149.444    0.010000
335     0.009455397     0.006325225     331.249     36.458    239.138     149.691    0.010000
336     0.009933316     0.006048284     331.529     36.319    240.298     149.696    0.020000
337     0.008250762     0.006340994     334.484     37.218    237.813     149.826    0.020000
338     0.010838845     0.006768242     337.843     34.225    238.469     149.256    0.020000
339     0.008913296     0.005810637     331.359     33.519    236.852     149.641    0.020000
340     0.010749149     0.006394637     331.739     35.417    238.655     149.550    0.010000
341     0.009267993     0.005894509     333.665     35.888    234.491     149.078    0.020000
342     0.009036648     0.005914381     334.610     35.834    235.395     149.166    0.020000
343     0.009389997     0.005839114     339.560     35.914    237.093     148.762    0.020000
344     0.008806158     0.005451682     334.463     36.006    235.902     149.930    0.020000
345     0.010701672     0.005859546     334.137     33.286    234.144     149.986    0.010000
346     0.010207560     0.005538087     333.582     32.325    239.151     149.764    0.020000
347     0.008948683     0.007115070     332.339     31.953    235.909     149.182    0.020000
348     0.008052196     0.008367069     333.768     35.105    234.646     149.352    0.030000
349     0.010029762     0.007401986     335.055     35.828    233.920     149.621    0.010000
350     0.009924302     0.006138336     341.333     37.957    237.435     149.028    0.020000
351     0.008752214     0.007720475     338.098     33.067    236.094     149.624    0.020000
352     0.011335933     0.006184335     338.206     36.978    235.632     149.550    0.010000
353     0.009722637     0.008380873     332.703     33.215    240.692     149.732    0.020000
354     0.010540959     0.005542375     331.462     35.555    236.743     149.321    0.020000
355     0.008981725     0.006087547     332.779     36.112    234.056     147.954    0.020000
356     0.007285859     0.006997523     331.477     35.668    237.010     149.989    0.020000
357     0.011095575     0.006305025     334.699     35.473    241.914     148.881    0.020000
358     0.008481631     0.006114427     329.178     32.561    243.840     149.922    0.020000
359     0.010725535     0.006492463     330.629     35.853    238.456     149.690    0.020000
360     0.010311331     0.007297256     329.171     35.819    242.496     149.089    0.010000
361     0.008343155     0.005835129     330.155     36.441    241.184     149.764    0.020000
362     0.010817842     0.006682289     329.079     36.390    248.001     149.899    0.020000
363     0.010348679     0.005701136     328.700     36.175    248.971     149.920    0.020000
364     0.011098328     0.005649798     329.189     36.401    244.421     149.601    0.020000
365     0.011928788     0.005978329     331.408     36.837    248.345     149.708    0.010000
366     0.009426019     0.006493283     328.469     36.118    248.169     149.899    0.020000
367     0.009770639     0.005521398     329.785     36.012    248.077     149.981    0.020000
368     0.010528991     0.005540409     330.280     35.986    244.111     149.367    0.020000
369     0.009611826     0.005676149     329.381     36.031    246.166     149.918    0.020000
370     0.010932165     0.005647641     328.354     35.782    243.738     149.436    0.020000
371     0.010081858     0.005733316     328.585     35.936    241.425     149.230    0.010000
372     0.008682442     0.006160521     328.017     35.988    244.459     149.290    0.030000
373     0.009412140     0.006077475     333.900     34.672    247.241     149.982    0.020000
374     0.011458283     0.006333705     327.156     36.684    239.748     149.143    0.010000
375     0.008445288     0.006627457     326.536     36.611    244.935     149.611    0.020000
376     0.009871902     0.005801491     327.214     37.121    242.581     149.667    0.020000
377     0.009520460     0.005974966     328.365     37.623    241.475     148.712    0.010000
378     0.009010573     0.006089937     326.637     36.944    240.379     149.736    0.020000
379     0.010641109     0.006093956     327.989     37.244    241.992     149.090    0.020000
380     0.008853342     0.006139414     328.049     37.396    243.730     149.482    0.020000
381     0.008714611     0.006164397     326.357     36.466    244.615     149.620    0.010000
382     0.009248981     0.006059684     328.106     37.067    247.264     149.990    0.020000
383     0.010559560     0.005581590     333.533     34.821    243.991     149.875    0.020000
384     0.011073713     0.005575711     328.963     37.091    238.032     148.515    0.020000
385     0.008022417     0.006408785     326.848     36.370    240.209     149.644    0.020000
386     0.009167703     0.005808459     334.878     35.392    240.687     149.549    0.010000
387     0.010287110     0.005974922     329.368     35.256    245.912     149.724    0.030000
388     0.010889930     0.006458168     329.470     37.444    245.619     149.577    0.010000
389     0.008933960     0.007800440     329.068     37.303    241.634     149.993    0.020000
390     0.010604602     0.005598004     330.369     37.806    242.831     149.519    0.020000
391     0.008935109     0.006086722     332.962     34.928    239.960     149.899    0.020000
392     0.010738860     0.006277497     330.557     37.835    245.648     149.783    0.020000
393     0.009957042     0.007088971     331.479     36.936    245.521     149.735    0.010000
394     0.010392130     0.005558681     327.869     37.227    242.308     149.433    0.030000
395     0.009042896     0.006495352     329.963     38.138    246.288     149.532    0.010000
396     0.009820770     0.005894791     326.985     37.171    247.098     149.571    0.020000
397     0.010024615     0.005307888     328.424     37.650    242.485     149.757    0.020000
398     0.009395803     0.006165306     328.531     37.576    241.262     149.246    0.020000
399     0.008504498     0.006315987     332.972     38.979    244.073     149.580    0.020000
400     0.009687865     0.006502907     332.365     39.426    245.976     149.904    0.010000
401     0.010654101     0.005884352     333.335     39.244    244.542     149.144    0.030000
402     0.008278873     0.005916193     340.485     40.658    248.988     149.597    0.010000
403     0.009256790     0.007521234     333.587     39.272    248.612     149.409    0.020000
404     0.008983001     0.005744400     333.652     39.199    242.064     149.751    0.020000
405     0.008888986     0.005443178     336.510     39.667    246.885     149.996    0.010000
406     0.011921126     0.005973968     337.113     39.523    248.489     149.694    0.030000
407     0.008607930     0.006016213     336.958     39.271    242.435     149.184    0.010000
408     0.009906527     0.005290707     338.151     40.459    240.969     149.041    0.020000
409     0.008658488     0.006480207     338.912     40.356    243.255     149.616    0.020000
410     0.010475371     0.005703076     338.477     40.504    247.317     149.937    0.010000
411     0.010932480     0.006170566     337.195     39.715    247.970     149.966    0.020000
412     0.010333589     0.005910237     338.913     40.485    246.123     149.948    0.020000
413     0.009690067     0.006317265     335.247     38.807    245.670     149.829    0.010000
414     0.011429213     0.005695986     340.835     39.134    242.526     149.580    0.030000
415     0.008300509     0.005796998     338.931     39.735    240.254     149.993    0.010000
416     0.009483381     0.006107941     340.022     40.051    241.008     149.517    0.030000
417     0.010038898     0.006173086     338.572     39.242    240.884     149.567    0.010000
418     0.010070068     0.005860204     340.682     40.075    244.763     149.947    0.020000
419     0.010857067     0.006925528     338.482     38.849    243.708     149.702    0.020000
420     0.010985080     0.005926960     340.572     39.564    237.954     149.860    0.020000
421     0.010365997     0.005946237     338.462     38.801    233.738     148.537    0.020000
422     0.007467485     0.006460372     343.575     36.492    236.612     149.762    0.010000
423     0.009388506     0.005432928     341.370     39.773    236.915     149.432    0.020000
424     0.009560147     0.006992802     338.154     38.589    229.801     148.136    0.030000
425     0.007027466     0.005873786     342.239     40.240    237.404     149.570    0.010000
426     0.009922628     0.006584321     338.249     39.143    240.564     149.985    0.020000
427     0.010407641     0.006185375     338.513     38.850    243.650     149.984    0.010000
428     0.011284589     0.005887236     339.638     35.645    234.348     149.755    0.020000
429     0.011459859     0.005192090     342.998     36.470    228.308     148.350    0.020000
430     0.008427269     0.006038868     337.801     39.120    227.738     149.488    0.030000
431     0.010391017     0.007311060     337.736     39.346    230.231     148.868    0.010000
432     0.008073969     0.006072605     342.861     39.773    232.507     149.882    0.020000
433     0.010835682     0.006231060     336.381     39.297    233.635     149.071    0.020000
434     0.007627333     0.006134650     339.032     40.364    238.438     149.726    0.010000
435     0.010466781     0.006297401     341.828     37.265    231.792     149.329    0.020000
436     0.008339207     0.005428586     341.661     37.466    230.686     149.044    0.020000
437     0.007542033     0.006000683     339.854     37.386    226.163     148.263    0.020000
438     0.007528023     0.005957142     341.623     38.150    233.529     149.957    0.020000
439     0.013183397     0.005741647     342.616     38.715    231.294     149.817    0.020000
440     0.010397140     0.006167694     343.092     39.075    231.069     149.401    0.010000
441     0.010722046     0.005674718     343.800     39.859    239.708     149.903    0.020000
442     0.010670661     0.006482686     337.844     42.412    228.553     149.142    0.020000
443     0.009239780     0.007943633     341.779     39.093    226.582     148.210    0.020000
444     0.006804076     0.005561770     343.764     39.914    232.968     149.739    0.010000
445     0.009694658     0.006624542     340.853     38.878    224.704     149.164    0.020000
446     0.009372369     0.005844167     341.658     39.326    223.951     149.693    0.030000
447     0.010554195     0.006187729     343.977     41.132    225.768     149.777    0.010000
448     0.009010591     0.007030068     343.338     41.176    226.330     149.781    0.020000
449     0.011421310     0.006083180     343.696     45.339    225.006     147.655    0.020000
450     0.006645929     0.008158408     334.965     42.798    220.800     147.688    0.020000
451     0.007097952     0.005622755     341.941     41.174    219.173     147.983    0.010000
452     0.006828932     0.006085155     341.794     41.489    220.153     148.662    0.030000
453     0.008190210     0.006368727     340.077     40.575    222.432     149.480    0.010000
454     0.009578643     0.006018896     343.468     41.937    221.506     149.505    0.020000
455     0.009506281     0.006886676     341.329     41.676    226.057     149.516    0.020000
456     0.009591769     0.006106985     339.115     40.907    234.326     149.775    0.020000
457     0.010014824     0.006669401     337.237     40.438    233.007     149.959    0.010000
458     0.010239486     0.005727520     338.924     41.154    217.340     149.626    0.020000
459     0.009189984     0.006323037     342.890     43.104    220.689     148.646    0.030000
460     0.008584904     0.007450282     340.029     42.247    218.089     149.749    0.010000
461     0.011000779     0.005663597     340.727     43.105    219.304     149.291    0.020000
462     0.008279493     0.006165623     343.131     43.933    217.528     149.970    0.020000
463     0.012127172     0.006372855     342.330     43.459    219.209     149.618    0.010000
464     0.009832584     0.005608179     341.542     48.438    216.084     149.595    0.020000
465     0.010626817     0.009355334     341.584     44.152    222.430     149.808    0.020000
466     0.012184935     0.005418590     342.018     49.816    216.705     149.763    0.020000
467     0.011543572     0.008583826     343.764     51.067    216.561     149.632    0.020000
468     0.010984965     0.006037369     343.178     49.930    216.176     149.295    0.010000
469     0.009912394     0.005658063     341.645     49.787    217.163     149.922    0.020000
470     0.010032782     0.006398435     338.516     48.104    227.882     149.639    0.020000
471     0.010493906     0.005645502     342.472     44.679    223.521     148.287    0.020000
472     0.007822569     0.005261794     342.734     44.641    226.537     149.995    0.020000
473     0.011597417     0.005990797     343.361     44.425    222.393     148.718    0.020000
474     0.007703408     0.005832476     343.937     44.784    221.287     149.822    0.020000
475     0.009951603     0.006297462     343.245     44.268    214.657     148.834    0.010000
476     0.007319666     0.006181934     343.714     44.493    215.943     148.817    0.030000
477     0.008687003     0.006351914     342.013     43.988    228.790     149.524    0.010000
478     0.010465248     0.005732733     343.228     44.093    214.937     149.986    0.020000
479     0.011604954     0.006424604     342.903     44.171    229.135     149.928    0.020000
480     0.010575842     0.006069872     343.240     44.560    229.172     149.796    0.020000
481     0.010952028     0.005945282     341.733     43.654    229.541     149.830    0.010000
482     0.010542194     0.005481323     343.119     44.543    215.029     149.360    0.020000
483     0.008168492     0.005759559     340.792     43.374    225.757     149.164    0.030000
484     0.008471513     0.005629007     338.250     42.660    213.868     149.893    0.010000
485     0.010406031     0.006003876     343.143     44.403    221.970     148.947    0.020000
486     0.008007794     0.006175487     340.509     49.004    216.734     149.988    0.020000
487     0.010889946     0.009381866     341.213     48.232    219.748     149.995    0.020000
488     0.009592714     0.005981773     343.336     43.811    215.290     149.447    0.020000
489     0.010081464     0.005319221     338.463     47.554    214.879     147.684    0.020000
490     0.006118990     0.007244132     338.504     48.036    215.554     149.606    0.010000
491     0.009328533     0.006423410     339.582     45.489    218.298     149.859    0.030000
492     0.010939398     0.005248206     341.763     44.755    215.013     149.563    0.010000
493     0.008824967     0.005522568     341.412     44.932    215.785     149.496    0.020000
494     0.010222053     0.006008727     341.514     45.718    214.063     149.473    0.020000
495     0.009578184     0.006427693     340.204     44.993    221.112     149.949    0.020000
496     0.009779059     0.005771222     334.100     47.915    215.028     149.572    0.010000
497     0.009136691     0.007197803     340.953     45.359    217.883     149.285    0.020000
498     0.008846140     0.005347731     335.453     44.953    214.547     149.986    0.030000
499     0.010891878     0.005736094     333.750     48.313    217.981     149.685    0.010000
500     0.008662588     0.007351850     332.375     46.943    215.606     149.830    0.020000
501     0.009254635     0.005751017     332.235     46.852    214.662     149.922    0.020000
502     0.010386158     0.005936465     332.924     47.781    215.175     149.586    0.010000
503     0.009735141     0.006141359     332.523     47.925    215.421     149.304    0.020000
504     0.008291302     0.005918663     338.480     44.793    215.251     149.792    0.020000
505     0.010800029     0.005019640     332.212     47.461    218.775     149.761    0.020000
506     0.012685586     0.006786234     331.441     47.342    214.388     148.796    0.010000
507     0.008587926     0.006171800     331.550     47.143    218.415     149.792    0.020000
508     0.011161123     0.005911094     337.339     44.417    214.318     148.571    0.030000
509     0.007826509     0.006045705     337.428     44.217    215.580     149.707    0.010000
510     0.010910422     0.005938406     334.948     43.396    213.870     149.385    0.020000
511     0.009812767     0.006175872     338.717     45.370    217.813     149.467    0.020000
512     0.008836633     0.006810382     337.207     45.014    214.891     148.898    0.020000
513     0.008307960     0.006394744     337.298     44.371    214.635     148.324    0.010000
514     0.007826494     0.006119211     336.754     44.092    214.710     148.464    0.020000
515     0.008675315     0.005808657     338.560     44.724    213.825     148.591    0.020000
516     0.008389880     0.006605590     336.660     43.761    219.752     149.984    0.020000
517     0.011027372     0.006566034     336.590     42.749    214.190     148.020    0.010000
518     0.006961274     0.005840611     338.713     43.528    215.349     148.867    0.030000
519     0.008268829     0.006529663     339.302     43.492    214.921     149.959    0.010000
520     0.010391387     0.005907999     340.954     43.988    213.961     149.954    0.010000
521     0.011683039     0.006231499     333.872     45.539    219.525     149.812    0.020000
522     0.010446496     0.006412861     335.131     45.291    221.182     149.604    0.020000
523     0.009000797     0.005685581     339.428     46.415    221.201     149.712    0.020000
524     0.009876220     0.006134609     342.112     47.064    217.326     149.831    0.020000
525     0.010301793     0.006786520     339.417     45.009    222.566     149.768    0.010000
526     0.009653463     0.005478908     341.464     44.836    214.424     149.706    0.020000
527     0.009645421     0.005536501     343.891     44.269    225.119     149.902    0.030000
528     0.009833569     0.005628201     342.501     43.380    220.413     149.789    0.020000
529     0.010928559     0.005278576     343.675     38.314    219.006     149.933    0.010000
530     0.009518546     0.005805806     343.067     37.671    213.654     149.464    0.020000
531     0.009728997     0.005691032     343.362     35.805    229.743     149.427    0.020000
532     0.009244611     0.006192018     341.557     36.156    214.392     149.208    0.010000
533     0.008725899     0.005967407     343.737     35.461    217.912     149.566    0.020000
534     0.009390493     0.006123057     343.567     34.635    217.988     149.335    0.020000
535     0.010055075     0.006807310     225.029     149.841    343.927     32.842    0.020000
536     0.010522368     0.006665862     343.318     33.369    226.524     149.780    0.020000
537     0.010151538     0.007036310     223.772     149.741    343.967     34.097    0.020000
538     0.011180312     0.007492448     342.819     32.313    239.257     149.684    0.010000
539     0.010898624     0.006750243     224.596     149.635    343.798     31.551    0.030000
540     0.010196508     0.008184114     239.062     149.839    343.095     30.968    0.020000
541     0.008855123     0.008264641     230.780     149.764    342.862     31.039    0.000000
542     0.009620068     0.009620634     236.486     149.795    340.252     30.138    0.020000
543     0.009138798     0.011337206     231.009     149.923    342.775     30.894    0.030000
544     0.011847803     0.008572034     232.108     149.491    343.948     30.038    0.020000
545     0.009605090     0.010662789     232.422     149.553    337.795     30.501    0.020000
546     0.009724175     0.010254759     236.559     149.943    343.860     30.798    0.010000
547     0.012738624     0.009292999     234.722     149.677    343.517     30.522    0.020000
548     0.010880296     0.009115472     236.192     149.784    343.357     30.414    0.020000
549     0.009468520     0.008732988     236.110     149.347    343.431     30.876    0.020000
550     0.010167499     0.008226454     238.289     149.329    343.350     31.119    0.020000
551     0.009044174     0.009031812     238.433     149.591    342.175     30.074    0.020000
552     0.008778558     0.010854043     239.439     149.603    338.510     30.915    0.010000
553     0.010123327     0.009149884     244.488     149.893    340.281     30.250    0.020000
554     0.010271659     0.010989404     240.063     149.122    343.219     30.745    0.020000
555     0.008351189     0.009150526     242.037     149.887    343.478     30.129    0.020000
556     0.010683078     0.010999822     242.104     148.789    343.142     30.150    0.020000
557     0.008542664     0.009990806     247.013     149.604    340.715     30.256    0.020000
558     0.010229464     0.010480921     248.094     149.927    343.550     30.570    0.020000
559     0.010557549     0.009787996     242.359     149.587    343.346     30.694    0.010000
560     0.009498270     0.010036265     243.545     147.795    338.654     30.248    0.030000
561     0.006994372     0.010919580     245.022     148.468    342.124     30.730    0.010000
562     0.007315195     0.009415890     252.952     149.268    343.075     30.648    0.020000
563     0.009636440     0.009940759     247.666     149.506    292.502     37.779    0.010000
564     0.008505763     0.009301035     257.102     149.855    340.709     33.340    0.030000
565     0.011518192     0.006718634     254.252     148.988    321.979     31.832    0.020000
566     0.009156963     0.008473956     259.917     149.790    292.068     31.103    0.020000
567     0.010667048     0.008939837     254.276     149.225    339.013     34.541    0.010000
568     0.008480815     0.006550420     262.318     149.498    303.307     33.203    0.020000
569     0.009481159     0.006705825     263.790     149.856    331.919     31.705    0.020000
570     0.010688083     0.007071680     256.150     149.938    337.214     30.042    0.020000
571     0.011029392     0.011751539     257.189     149.544    343.991     31.410    0.010000
572     0.008138461     0.008180331     255.527     149.196    288.008     35.596    0.030000
573     0.008288507     0.007471044     261.618     149.379    288.277     36.184    0.010000
574     0.009768806     0.006266295     264.233     149.570    343.944     33.559    0.010000
575     0.010215933     0.005750619     266.841     149.783    327.419     32.511    0.020000
576     0.010087334     0.007286658     257.511     149.476    323.416     30.603    0.020000
577     0.009299002     0.008418818     257.729     149.653    323.670     32.950    0.020000
578     0.009553787     0.007215081     264.001     149.470    320.816     36.328    0.020000
579     0.008574718     0.007788200     267.261     149.144    321.189     42.134    0.010000
580     0.007776881     0.010289770     259.214     149.395    322.487     48.046    0.020000
581     0.009545709     0.012158211     261.163     149.338    321.397     52.853    0.020000
582     0.008876777     0.009473085     262.289     149.657    323.904     51.375    0.020000
583     0.011664091     0.005512291     261.628     149.182    318.480     47.191    0.020000
584     0.007810802     0.005132550     259.433     148.226    318.631     47.042    0.010000
585     0.007464771     0.005577219     268.858     148.991    321.663     47.523    0.020000
586     0.009000898     0.005997824     263.638     149.589    318.927     51.241    0.030000
587     0.009850300     0.007986058     269.341     149.103    321.513     51.103    0.010000
588     0.008663655     0.005982805     268.898     148.863    320.099     50.121    0.020000
589     0.008596021     0.005245207     271.697     149.479    319.316     49.684    0.020000
590     0.010655431     0.006014276     264.167     148.963    319.086     52.567    0.020000
591     0.007777895     0.007648686     271.084     148.922    317.254     48.022    0.010000
592     0.008907562     0.005716625     266.775     149.077    317.247     50.990    0.030000
593     0.008335656     0.007137200     273.571     149.818    315.809     47.898    0.010000
594     0.010083155     0.005507051     277.387     149.840    314.389     47.533    0.020000
595     0.010967071     0.005819373     268.329     148.158    313.451     47.468    0.020000
596     0.007667857     0.006470607     276.990     149.157    312.214     44.987    0.020000
597     0.010712837     0.004912860     279.102     149.480    309.958     43.561    0.020000
598     0.008679118     0.006160367     278.241     148.860    307.614     41.921    0.020000
599     0.008512127     0.005405669     273.818     149.244    305.209     39.659    0.020000
600     0.010580666     0.005988531     272.583     148.354    305.718     41.947    0.020000
601     0.007004970     0.007832844     279.691     148.738    304.860     41.324    0.020000
602     0.009113793     0.005827647     280.617     148.926    303.474     41.983    0.010000
603     0.008169854     0.006498048     277.146     146.679    299.089     38.372    0.020000
604     0.006215755     0.005839708     277.354     148.590    300.072     39.918    0.020000
605     0.007655325     0.006856976     283.487     148.549    297.321     39.053    0.020000
606     0.007352188     0.005469440     280.953     146.908    288.325     34.863    0.020000
607     0.005880964     0.005551496     275.184     146.700    292.729     36.834    0.010000
608     0.005957377     0.006860876     285.677     148.232    288.382     35.808    0.020000
609     0.008718381     0.006358922     287.016     148.640    289.922     35.351    0.020000
610     0.007849644     0.005611136     285.347     148.058    288.643     35.753    0.020000
611     0.006890639     0.006312945     286.480     148.277    289.139     35.689    0.020000
612     0.007848315     0.006571430     282.144     146.857    288.538     34.243    0.030000
613     0.005960407     0.005826830     277.418     146.285    288.166     34.550    0.010000
614     0.006402803     0.006160942     285.614     147.688    288.035     34.808    0.010000
615     0.007349117     0.006166732     278.105     144.708    289.875     33.650    0.030000
616     0.005566715     0.005962704     284.826     146.935    288.486     33.705    0.010000
617     0.006678189     0.006713648     279.815     147.029    288.551     35.859    0.020000
618     0.006560932     0.006050871     281.941     145.038    288.424     32.984    0.020000
619     0.005953487     0.006015304     277.932     143.466    288.278     30.912    0.020000
620     0.006025764     0.009498158     281.140     144.382    289.028     32.063    0.020000
621     0.006257732     0.007364398     277.196     144.602    289.552     31.878    0.020000
622     0.005831136     0.007558608     285.381     146.212    289.944     33.650    0.020000
623     0.006725586     0.006055947     279.328     145.701    288.719     33.933    0.010000
624     0.005782696     0.006776412     284.529     145.002    290.658     32.839    0.020000
625     0.005941447     0.006474940     283.158     144.244    288.354     32.195    0.020000
626     0.005471922     0.008417581     287.128     146.290    289.304     33.533    0.010000
627     0.006643476     0.007175066     287.184     146.235    289.466     33.122    0.020000
628     0.005773316     0.006883207     280.729     145.440    289.778     33.974    0.020000
629     0.006112430     0.006594331     285.000     144.998    289.302     32.921    0.010000
630     0.005705646     0.006282899     284.905     144.819    288.742     32.593    0.030000
631     0.005413280     0.006626655     285.053     144.690    289.229     32.563    0.020000
632     0.005328019     0.007610900     281.802     145.188    288.287     31.443    0.010000
633     0.006277245     0.006755986     286.514     144.800    288.259     31.212    0.020000
634     0.005577871     0.008676553     279.759     144.302    288.057     32.198    0.020000
635     0.005896733     0.007485383     276.432     142.186    289.623     31.133    0.010000
636     0.005194228     0.008269395     279.608     144.244    288.202     32.264    0.030000
637     0.006571312     0.008122374     280.350     144.356    290.728     32.856    0.010000
638     0.005625291     0.006416648     283.861     143.959    289.364     31.755    0.020000
639     0.006270347     0.007515190     281.476     142.130    288.497     30.153    0.030000
640     0.005781046     0.011970424     275.984     142.095    288.630     31.274    0.010000
641     0.006146634     0.007781722     276.552     142.068    288.090     31.677    0.020000
642     0.005839054     0.008027199     277.620     143.948    288.518     32.314    0.010000
643     0.006232526     0.007139042     279.306     144.414    288.629     30.430    0.020000
644     0.005960717     0.010483031     281.495     143.816    290.263     30.627    0.020000
645     0.005710664     0.009227158     283.898     144.603    335.136     30.289    0.020000
646     0.005435576     0.009946157     281.640     144.199    289.703     31.807    0.020000
647     0.005928299     0.007392184     275.173     144.039    291.150     32.592    0.010000
648     0.005404295     0.006712897     278.243     145.131    291.712     33.615    0.020000
649     0.005618049     0.007665989     275.708     144.400    340.756     30.596    0.030000
650     0.006157535     0.008666180     274.366     144.289    289.518     33.838    0.010000
651     0.005515974     0.007599871     272.806     144.108    336.144     34.096    0.020000
652     0.005657833     0.006857542     271.988     144.182    335.907     40.414    0.020000
653     0.005908686     0.013045996     270.488     144.530    337.582     34.626    0.020000
654     0.005936585     0.005835009     271.293     145.201    329.354     33.456    0.010000
655     0.005858336     0.006381185     266.850     143.080    329.799     38.541    0.020000
656     0.005851262     0.008726103     268.828     142.587    334.627     36.250    0.030000
657     0.005848935     0.006112000     271.246     144.998    326.750     36.537    0.010000
658     0.006142136     0.006272294     261.318     142.754    330.187     38.227    0.020000
659     0.005588310     0.006594184     263.308     145.272    324.766     34.018    0.020000
660     0.007225526     0.006171747     258.967     143.022    323.020     37.979    0.010000
661     0.005477848     0.007937544     258.786     143.655    318.536     44.605    0.030000
662     0.006528817     0.012326731     261.385     143.504    318.543     44.063    0.010000
663     0.005573645     0.006510375     254.894     143.092    343.343     37.797    0.020000
664     0.005142904     0.005310518     262.189     145.329    318.951     39.277    0.010000
665     0.005921394     0.006737938     253.132     144.668    317.411     30.621    0.030000
666     0.006072625     0.008520371     250.366     143.698    312.994     30.304    0.020000
667     0.005491439     0.011304046     246.618     142.867    316.301     30.987    0.020000
668     0.005739458     0.009662209     254.742     145.314    310.673     30.554    0.010000
669     0.006360433     0.009333637     248.205     143.004    307.868     34.916    0.020000
670     0.005269810     0.006934892     250.640     145.290    343.922     30.781    0.020000
671     0.006737387     0.009370508     241.396     144.201    343.927     30.555    0.020000
672     0.005821696     0.011214881     238.052     144.236    342.184     31.203    0.010000
673     0.005734710     0.008239123     245.553     146.403    343.701     30.442    0.030000
674     0.006395153     0.008996614     240.970     146.521    343.013     30.103    0.010000
675     0.006294658     0.010567724     239.749     146.728    342.681     30.583    0.020000
676     0.006986002     0.010252626     239.072     147.240    341.885     30.211    0.020000
677     0.006220608     0.011808398     227.593     146.805    338.822     31.014    0.020000
678     0.006307475     0.008323988     223.633     146.813    334.643     30.273    0.020000
679     0.005997251     0.009701437     225.901     147.107    332.082     31.002    0.020000
680     0.006851806     0.009138513     223.297     147.199    327.445     30.041    0.010000
681     0.006449806     0.010907196     224.588     149.090    325.233     31.598    0.020000
682     0.009899552     0.007201655     224.432     149.482    320.302     30.966    0.020000
683     0.010018207     0.009469971     215.266     148.867    316.847     32.054    0.020000
684     0.007175629     0.007610566     214.906     149.981    313.509     31.245    0.010000
685     0.011068141     0.008705857     214.009     149.430    309.520     31.295    0.020000
686     0.009068710     0.008979176     305.973     31.620    213.614     149.665    0.030000
687     0.009453337     0.007901629     304.385     32.937    213.679     148.603    0.020000
688     0.007463174     0.006658297     300.397     34.140    277.836     148.270    0.010000
689     0.007059128     0.005898123     291.001     32.536    266.241     149.540    0.020000
690     0.008886883     0.006327529     290.470     33.999    268.011     143.015    0.020000
691     0.005179779     0.006297617     290.165     35.530    255.587     142.027    0.010000
692     0.005401866     0.006068721     289.419     36.519    252.363     143.078    0.030000
693     0.005860399     0.006253470     291.095     38.776    254.980     145.143    0.020000
694     0.006661662     0.007037416     289.095     40.520    248.588     146.946    0.020000
695     0.006425967     0.006597326     289.453     41.619    258.386     148.932    0.010000
696     0.008876923     0.006144428     290.410     43.325    248.349     146.346    0.020000
697     0.005999093     0.006848683     288.407     45.027    251.592     148.183    0.020000
698     0.007514046     0.006357219     297.614     50.868    221.196     148.580    0.020000
699     0.007721968     0.011321151     294.528     52.072    217.464     149.155    0.020000
700     0.008723424     0.006877321     298.038     56.770    216.672     149.716    0.010000
701     0.009991272     0.009876199     291.369     56.052    213.939     147.900    0.020000
702     0.006510553     0.006323630     289.463     55.877    231.367     149.526    0.020000
703     0.009724657     0.006109167     342.850     59.892    276.838     149.660    0.020000
704     0.009491921     0.009198993     335.315     57.078    274.761     149.429    0.020000
705     0.008876943     0.005770861     342.116     62.795    266.670     149.214    0.010000
706     0.009801213     0.010685195     340.766     65.965    242.759     146.090    0.030000
707     0.005663631     0.008607311     339.139     66.365    238.975     146.859    0.020000
708     0.006815708     0.006133393     336.805     65.782    237.721     145.782    0.020000
709     0.005560557     0.006051059     330.746     62.212    257.239     149.982    0.010000
710     0.011909902     0.005384075     333.608     65.314    232.004     145.796    0.020000
711     0.005963516     0.006529787     331.176     65.878    240.053     148.909    0.020000
712     0.009193094     0.006652661     331.502     68.353    229.256     146.533    0.020000
713     0.005804890     0.006250211     330.316     68.370    250.250     149.973    0.010000
714     0.011736195     0.005719048     332.731     72.040    223.398     146.225    0.030000
715     0.006024715     0.007215674     334.578     73.880    236.149     148.813    0.020000
716     0.009323133     0.006042927     332.305     74.062    216.362     145.790    0.020000
717     0.005500647     0.006057593     332.144     74.281    214.275     145.064    0.020000
718     0.005302734     0.005971776     329.424     72.994    215.004     148.486    0.010000
719     0.009392582     0.006034507     328.851     75.036    213.586     148.824    0.020000
720     0.008026290     0.006955385     330.453     74.296    230.037     148.296    0.010000
721     0.007430529     0.005448461     332.036     73.502    221.962     148.038    0.020000
722     0.006604524     0.006448674     330.831     71.885    228.980     147.424    0.020000
723     0.006945197     0.005339511     330.589     70.649    229.478     147.638    0.030000
724     0.006140278     0.005668552     331.100     68.349    246.966     149.394    0.010000
725     0.009522088     0.005497795     332.216     68.370    248.397     149.778    0.020000
726     0.010721958     0.006235785     336.127     70.134    226.030     148.333    0.020000
727     0.007722997     0.007297028     336.689     69.176    217.055     144.379    0.020000
728     0.005392421     0.005849373     338.142     64.186    227.382     144.914    0.010000
729     0.006095783     0.005099452     340.330     62.894    223.312     142.173    0.030000
730     0.005292781     0.005197766     340.883     63.135    221.466     140.341    0.020000
731     0.005232991     0.006394672     343.010     60.151    214.184     137.664    0.020000
732     0.005121566     0.005427714     343.839     52.863    231.063     136.444    0.010000
733     0.005554180     0.005360899     343.254     50.407    213.656     131.349    0.010000
734     0.005286622     0.004914033     343.447     45.570    236.810     131.885    0.030000
735     0.005867414     0.005248742     289.702     41.257    217.201     138.221    0.010000
736     0.011260242     0.005396439     289.653     34.859    232.849     136.695    0.020000
737     0.005571437     0.005525057     288.037     32.315    237.724     138.662    0.020000
738     0.005504470     0.007047116     288.164     33.494    234.452     136.883    0.020000
739     0.005587640     0.006604955     288.038     31.401    218.632     132.269    0.020000
740     0.005466010     0.007781571     290.369     33.948    213.987     128.193    0.010000
741     0.005605102     0.007454812     288.653     33.032    213.349     128.186    0.030000
742     0.005773774     0.006465991     289.437     32.915    213.814     130.440    0.010000
743     0.006126563     0.007083763     289.220     32.523    215.183     131.709    0.020000
744     0.006478387     0.007345343     289.069     34.030    213.742     130.283    0.020000
745     0.005883949     0.006508539     289.106     33.816    220.474     134.682    0.010000
746     0.007427809     0.006662163     288.176     32.714    219.188     134.218    0.030000
747     0.005749272     0.006391388     289.322     33.795    213.337     134.439    0.020000
748     0.005854632     0.006838259     288.503     33.192    216.611     138.766    0.020000
749     0.007739995     0.006219550     288.132     34.039    217.924     141.037    0.010000
750     0.006746538     0.006168454     290.549     35.130    217.800     141.048    0.020000
751     0.005830816     0.006802372     288.088     33.976    217.292     140.942    0.020000
752     0.005491211     0.006648809     290.768     35.281    215.307     140.484    0.020000
753     0.005760601     0.006616415     289.669     35.658    214.514     139.970    0.020000
754     0.006169346     0.006281793     290.526     35.362    214.996     140.906    0.020000
755     0.006219815     0.006360857     288.498     34.864    215.504     141.349    0.010000
756     0.005935851     0.006034387     288.535     34.984    217.435     141.979    0.020000
757     0.005426736     0.006177742     288.103     35.888    218.881     142.636    0.010000
758     0.005657061     0.006547055     288.317     35.430    215.962     143.012    0.020000
759     0.006022059     0.006081288     288.643     35.376    215.164     143.041    0.020000
760     0.006039671     0.006068090     288.250     36.072    215.833     146.356    0.020000
761     0.007760015     0.006381705     288.411     35.789    213.372     145.756    0.010000
762     0.006225042     0.006097800     289.433     37.499    216.778     147.119    0.020000
763     0.006761979     0.006679217     288.095     37.137    214.825     146.998    0.020000
764     0.006695832     0.005982195     290.230     37.070    219.777     147.952    0.020000
765     0.006428915     0.006078817     288.145     35.354    215.865     146.695    0.020000
766     0.006001697     0.005807864     291.444     37.727    221.072     148.309    0.020000
767     0.008568908     0.007172657     289.580     37.725    213.679     146.117    0.020000
768     0.005689867     0.006267922     288.333     37.411    216.272     147.368    0.010000
769     0.006415698     0.005789493     291.664     38.520    216.097     147.491    0.030000
770     0.006473802     0.006421792     289.035     38.290    218.395     147.911    0.010000
771     0.007460215     0.006237231     292.150     39.444    213.448     148.248    0.030000
772     0.007970403     0.006472074     293.292     40.076    213.351     144.700    0.010000
773     0.005124030     0.006531890     288.111     38.492    214.488     145.905    0.020000
774     0.006325091     0.005876650     289.042     39.091    213.955     148.876    0.020000
775     0.010374314     0.005781484     294.560     41.047    214.999     149.371    0.010000
776     0.008740720     0.006536594     288.040     39.203    216.056     149.632    0.030000
777     0.010493980     0.005264675     290.730     40.446    213.853     148.447    0.020000
778     0.007372654     0.006655838     292.420     41.295    213.902     148.715    0.020000
779     0.007766668     0.006644287     289.452     39.725    215.652     149.284    0.010000
780     0.010135562     0.005616244     292.457     41.667    215.358     149.172    0.020000
781     0.009061810     0.007730596     290.374     40.280    214.785     149.227    0.020000
782     0.008542770     0.005458046     292.691     41.052    217.029     148.919    0.020000
783     0.008483861     0.006919804     296.614     40.545    213.365     143.472    0.020000
784     0.005162829     0.005816273     296.025     41.760    215.861     145.092    0.010000
785     0.006039489     0.006348102     299.994     41.686    213.759     149.273    0.020000
786     0.009923718     0.006321867     295.812     41.826    214.325     148.533    0.020000
787     0.007869724     0.005968199     297.970     42.272    215.142     144.566    0.020000
788     0.005558772     0.006172789     299.618     43.231    213.602     143.821    0.020000
789     0.005605236     0.006375382     299.863     42.740    214.808     143.793    0.020000
790     0.005770849     0.005888784     303.590     43.336    217.580     144.819    0.020000
791     0.006668630     0.006347245     302.911     43.460    217.620     144.417    0.010000
792     0.005774247     0.005714361     306.743     44.664    215.369     143.493    0.020000
793     0.005439250     0.005770056     303.209     43.113    217.199     144.321    0.020000
794     0.005374792     0.005439432     307.384     44.210    220.890     144.766    0.020000
795     0.005796154     0.006358779     305.543     43.292    220.844     144.370    0.010000
796     0.006145888     0.005732017     310.921     45.393    221.322     144.429    0.020000
797     0.005395232     0.006874704     311.049     45.374    224.055     144.937    0.020000
798     0.005759438     0.005774495     312.454     45.646    225.949     144.750    0.030000
799     0.005426735     0.006240468     310.476     44.255    231.921     146.673    0.020000
800     0.007025795     0.005401746     313.732     45.203    224.587     143.531    0.010000
801     0.005200067     0.006546598     315.357     45.380    232.280     145.273    0.010000
802     0.006728678     0.006814654     315.570     45.499    233.106     144.458    0.030000
803     0.006201343     0.005870905     317.132     45.484    233.645     144.788    0.020000
804     0.006062554     0.005795036     318.952     45.850    234.619     143.762    0.020000
805     0.005395161     0.006005180     321.033     45.940    247.189     147.417    0.020000
806     0.008556173     0.005213399     321.690     45.863    239.867     144.896    0.010000
807     0.005556585     0.005852430     323.063     45.855    239.307     144.288    0.020000
808     0.005408227     0.005915838     324.464     46.209    246.254     146.666    0.020000
809     0.007533015     0.006462991     325.116     46.073    240.609     144.322    0.020000
810     0.005946773     0.005794324     332.160     46.933    242.842     144.841    0.020000
811     0.005918840     0.005851290     328.080     46.104    255.748     147.850    0.010000
812     0.007394226     0.006115444     328.205     45.439    249.955     146.224    0.020000
813     0.005698119     0.005581136     331.060     46.897    251.171     146.587    0.020000
814     0.006705635     0.006578279     331.465     46.207    244.008     144.643    0.020000
815     0.005443332     0.006070516     333.448     46.844    248.799     145.503    0.020000
816     0.006501826     0.005934116     334.499     46.273    255.929     147.416    0.020000
817     0.006564748     0.005969767     336.160     46.186    258.462     148.001    0.010000
818     0.007639665     0.005845866     340.949     47.843    252.913     146.432    0.030000
819     0.005854798     0.006312096     343.124     46.176    258.544     147.661    0.010000
820     0.006538913     0.006011214     341.879     46.824    256.912     147.228    0.020000
821     0.006163935     0.005652525     339.025     45.033    254.007     146.238    0.020000
822     0.006286216     0.005888640     340.871     45.964    257.407     147.308    0.020000
823     0.006437052     0.006396199     340.604     45.360    256.019     146.803    0.010000
824     0.006510726     0.005444896     340.393     45.653    260.416     148.030    0.020000
825     0.008033461     0.007184220     340.198     44.943    259.482     147.911    0.020000
826     0.006327493     0.005164504     339.856     44.799    256.598     146.990    0.030000
827     0.005974862     0.006240683     340.782     45.231    256.400     147.238    0.010000
828     0.006816272     0.006116639     340.652     41.882    259.322     147.710    0.020000
829     0.006739372     0.005794585     341.533     45.202    260.487     148.053    0.020000
830     0.007474866     0.007815269     342.221     45.316    256.761     146.945    0.020000
831     0.006509882     0.006317215     342.047     46.010    262.794     148.842    0.010000
832     0.008890623     0.006564747     340.000     44.380    256.416     146.483    0.020000
833     0.005640961     0.005958880     340.746     44.482    262.071     149.014    0.020000
834     0.008547872     0.006038672     342.766     45.699    263.576     149.517    0.020000
835     0.010543196     0.006069403     341.896     45.072    256.777     147.168    0.020000
836     0.006389733     0.005672744     341.414     44.592    262.808     149.143    0.020000
837     0.008443484     0.006127484     343.719     43.930    263.931     149.264    0.020000
838     0.009081870     0.006061534     340.427     42.047    261.479     148.902    0.010000
839     0.007246637     0.006228744     341.509     45.711    255.331     147.871    0.020000
840     0.006381795     0.007246246     338.801     43.967    252.535     146.145    0.010000
841     0.005416397     0.005688919     339.552     44.442    255.227     148.152    0.020000
842     0.007313810     0.005737255     340.943     45.713    262.449     149.159    0.030000
843     0.008131599     0.006627345     341.099     45.571    256.003     149.088    0.010000
844     0.008044653     0.006317761     342.834     41.626    259.828     148.908    0.020000
845     0.008177282     0.005682382     338.717     45.130    253.188     146.305    0.020000
846     0.005947906     0.007763050     340.447     45.715    261.952     149.450    0.020000
847     0.009628410     0.006495741     338.282     41.999    255.132     147.610    0.020000
848     0.007146159     0.005453127     337.237     44.543    253.660     147.896    0.020000
849     0.007341780     0.006732042     339.806     45.950    253.016     147.736    0.020000
850     0.007227262     0.006132901     335.903     44.418    260.831     149.317    0.020000
851     0.009474719     0.005707205     334.923     44.518    252.538     147.721    0.010000
852     0.007101141     0.005609154     334.651     43.922    250.341     147.415    0.020000
853     0.007144388     0.006463271     334.953     44.660    251.392     146.952    0.020000
854     0.006206349     0.006269466     336.692     45.543    250.046     146.596    0.020000
855     0.005792903     0.007435782     338.915     41.892    256.914     148.687    0.010000
856     0.007703897     0.005564439     332.654     44.480    259.033     149.242    0.020000
857     0.009769798     0.006614876     337.951     41.838    256.661     148.299    0.030000
858     0.007452888     0.005526702     337.767     46.952    256.236     148.861    0.020000
859     0.008221497     0.008842989     330.761     44.043    253.812     148.324    0.010000
860     0.007297246     0.005559091     330.941     44.072    258.397     149.530    0.020000
861     0.010253403     0.006271523     333.255     43.692    255.063     148.979    0.020000
862     0.009440188     0.005845902     329.053     43.675    248.162     147.681    0.010000
863     0.006955530     0.006095971     329.561     43.878    247.270     146.488    0.020000
864     0.006275075     0.005675290     332.339     45.258    256.941     149.370    0.020000
865     0.010243384     0.006812629     330.446     44.637    256.614     149.477    0.020000
866     0.009402602     0.005671178     331.468     44.672    251.227     147.968    0.020000
867     0.007275130     0.006341695     329.818     44.288    251.730     148.415    0.020000
868     0.007668216     0.005526468     329.304     44.071    247.751     147.336    0.020000
869     0.006706619     0.005556555     330.628     44.414    252.449     149.004    0.010000
870     0.008847561     0.005800492     328.557     43.605    252.870     149.262    0.030000
871     0.010361076     0.005562101     336.943     46.626    250.957     149.073    0.010000
872     0.009245898     0.007772244     340.285     48.098    250.659     148.904    0.030000
873     0.007939965     0.006246787     337.536     46.687    250.717     149.343    0.010000
874     0.008586491     0.005221845     338.886     47.406    253.822     149.491    0.020000
875     0.010330018     0.005917210     331.414     44.698    246.550     148.246    0.020000
876     0.007645112     0.005630748     335.434     44.770    246.835     148.440    0.020000
877     0.007180764     0.005882612     336.212     45.267    246.214     148.462    0.010000
878     0.007947962     0.006159503     336.857     45.575    245.529     148.850    0.020000
879     0.009074539     0.006148801     335.901     45.224    244.934     148.248    0.020000
880     0.006994587     0.006130970     332.396     45.644    244.700     149.126    0.020000
881     0.008888327     0.006210682     331.354     45.218    245.581     149.176    0.020000
882     0.008749247     0.006169286     332.568     45.927    243.698     149.341    0.020000
883     0.009415321     0.005993306     341.301     44.879    243.070     149.035    0.010000
884     0.007730056     0.005783260     340.810     44.838    244.535     149.494    0.030000
885     0.010281583     0.006019401     332.322     46.108    242.868     149.636    0.010000
886     0.009580360     0.006797479     341.101     44.553    241.275     149.762    0.020000
887     0.010367339     0.005672645     340.965     44.940    240.454     149.852    0.020000
888     0.011663850     0.006217931     342.431     44.901    240.879     149.549    0.020000
889     0.009789051     0.005836200     335.486     47.273    238.716     149.150    0.020000
890     0.009702245     0.007108110     337.393     48.199    234.767     147.971    0.020000
891     0.006596864     0.006196350     342.480     45.056    235.018     148.401    0.010000
892     0.007744639     0.005482726     335.575     46.866    234.392     149.565    0.020000
893     0.010112093     0.006838246     336.564     47.246    233.189     148.701    0.020000
894     0.008921930     0.006130177     338.847     48.429    231.235     149.630    0.030000
