fNo.       mw1            mw2        best1.x[0]     best1.theta     best2.x[0]   best2.theta   t/frame
0     0.000000000     0.000000000     311.226     41.148    234.598     151.650    1.530000
1     0.012048714     0.003129921     312.425     41.180    229.010     149.624    0.130000
2     0.002383134     0.001435963     314.980     42.462    227.921     149.875    0.110000
3     0.002604029     0.001555510     313.977     41.572    226.790     149.706    0.120000
4     0.002514623     0.001411631     314.467     41.620    228.935     149.973    0.110000
5     0.002686666     0.001536966     314.237     41.312    229.019     149.896    0.120000
6     0.002807583     0.001460344     314.623     41.344    226.284     149.525    0.130000
7     0.002407831     0.001510632     317.217     42.338    231.314     149.968    0.120000
8     0.002692421     0.001596616     315.857     41.478    229.845     149.581    0.130000
9     0.002391497     0.001378897     316.893     41.813    228.823     149.682    0.130000
10     0.002586622     0.001479488     315.945     41.278    231.197     149.581    0.130000
11     0.002372691     0.001511681     300.130     40.296    259.236     149.428    0.130000
12     0.002432305     0.001417106     299.398     40.670    262.233     149.823    0.130000
13     0.002576463     0.001488570     296.256     39.692    259.245     149.423    0.130000
14     0.002391929     0.001423698     297.666     40.118    261.581     149.976    0.130000
15     0.002839754     0.001538628     297.093     40.420    258.829     149.793    0.140000
16     0.002577756     0.001586599     297.673     40.572    261.307     149.858    0.120000
17     0.002488787     0.001548082     297.686     40.810    256.909     149.561    0.140000
18     0.002503050     0.001485227     297.165     40.475    258.201     149.799    0.120000
19     0.002448531     0.001424051     296.045     39.947    257.323     149.882    0.140000
20     0.002665368     0.001431591     298.370     40.626    252.243     149.383    0.140000
21     0.002274633     0.001520863     298.871     40.796    254.462     149.994    0.130000
22     0.002711416     0.001519017     298.359     40.311    252.427     149.945    0.130000
23     0.002704770     0.001468699     300.801     40.961    248.208     149.963    0.130000
24     0.002842997     0.001545197     301.006     40.753    248.574     149.838    0.120000
25     0.002690186     0.001465650     301.716     40.557    244.601     149.705    0.130000
26     0.002457266     0.001495361     303.708     41.341    242.695     149.644    0.120000
27     0.002325681     0.001569453     302.799     40.545    241.909     149.787    0.120000
28     0.002548267     0.001453647     304.832     40.886    238.138     149.755    0.120000
29     0.002548926     0.001554584     305.109     40.624    236.223     149.739    0.120000
30     0.002643805     0.001472750     308.813     41.560    233.053     149.487    0.130000
31     0.002214368     0.001664532     306.939     40.654    233.703     149.827    0.110000
32     0.002602980     0.001446169     308.111     41.002    231.289     150.000    0.140000
33     0.002687309     0.001473778     312.602     38.356    230.474     149.879    0.120000
34     0.002621526     0.001367114     309.975     41.291    229.575     149.740    0.130000
35     0.002572151     0.001847353     310.567     41.150    229.383     149.683    0.120000
36     0.002523696     0.001515066     312.284     41.678    229.063     149.942    0.120000
37     0.002657006     0.001564688     311.089     41.001    227.449     149.713    0.120000
38     0.002427343     0.001457671     311.518     40.911    228.131     149.910    0.110000
39     0.002626965     0.001496189     311.551     40.870    229.837     149.990    0.130000
40     0.002656899     0.001482240     314.141     41.606    229.368     149.950    0.120000
41     0.002518914     0.001527894     315.391     42.019    227.641     149.395    0.130000
42     0.002310456     0.001543047     314.992     41.786    229.663     149.799    0.120000
43     0.002530185     0.001538532     315.825     41.917    228.368     149.806    0.130000
44     0.002588477     0.001485258     315.792     41.833    231.316     149.978    0.130000
45     0.002616377     0.001456558     316.479     41.891    231.360     149.865    0.110000
46     0.002580928     0.001494270     316.393     41.618    231.960     149.813    0.130000
47     0.002631280     0.001403641     315.704     41.178    231.372     149.837    0.120000
48     0.002496422     0.001454338     317.872     41.766    230.855     149.704    0.120000
49     0.002395366     0.001489643     317.254     41.416    233.220     149.894    0.120000
50     0.002633384     0.001413670     319.353     41.581    232.335     149.762    0.120000
51     0.002583733     0.001528498     319.753     41.771    233.533     149.807    0.120000
52     0.002357537     0.001508762     319.215     41.052    233.005     149.868    0.130000
53     0.002702108     0.001439647     321.707     41.712    234.239     149.863    0.120000
54     0.002636128     0.001589897     321.108     41.237    235.750     149.975    0.120000
55     0.002685205     0.001486200     322.361     41.332    234.452     149.733    0.120000
56     0.002471400     0.001514270     321.591     40.641    234.063     149.555    0.130000
57     0.002633249     0.001447294     323.227     40.961    234.570     149.573    0.130000
58     0.002217126     0.001484961     323.763     40.740    235.705     149.835    0.130000
59     0.002583747     0.001454135     325.440     41.036    236.337     149.777    0.110000
60     0.002612683     0.001500859     323.241     39.656    238.447     149.952    0.110000
61     0.002599063     0.001465122     326.715     40.600    244.159     149.890    0.120000
62     0.002581956     0.001622932     327.766     40.433    239.122     149.735    0.110000
63     0.002625265     0.001576783     327.973     40.311    246.133     149.812    0.130000
64     0.002528678     0.001533930     328.793     40.220    246.826     149.897    0.130000
65     0.002527323     0.001485419     326.401     38.637    249.911     149.867    0.120000
66     0.002613202     0.001350101     328.236     39.018    250.206     149.949    0.130000
67     0.002685169     0.001559947     327.115     37.871    250.647     149.358    0.140000
68     0.002176365     0.001418183     330.196     38.736    254.640     149.860    0.120000
69     0.002604807     0.001549004     330.944     38.628    255.943     149.831    0.140000
70     0.002680101     0.001514606     331.824     38.085    256.206     149.392    0.130000
71     0.002310551     0.001464265     331.039     37.750    257.918     149.438    0.110000
72     0.002309501     0.001447048     331.835     37.425    259.535     149.296    0.120000
73     0.002348539     0.001492811     332.752     37.770    253.745     149.771    0.120000
74     0.002513885     0.001396144     333.882     37.668    255.136     149.888    0.120000
75     0.002603101     0.001527476     333.952     37.383    255.780     149.321    0.130000
76     0.002156669     0.001480320     333.417     36.930    258.582     149.611    0.120000
77     0.002517608     0.001505064     334.411     37.231    258.561     149.113    0.110000
78     0.002135701     0.001574631     335.020     37.140    260.808     149.277    0.120000
79     0.002315926     0.001480637     334.565     36.712    261.874     149.159    0.120000
80     0.002252209     0.001504924     335.147     36.676    265.010     149.881    0.130000
81     0.002538020     0.001554510     337.391     37.170    263.846     149.269    0.120000
82     0.002193963     0.001582222     336.896     36.506    266.127     149.526    0.120000
83     0.002460012     0.001484812     336.571     36.306    265.942     149.256    0.110000
84     0.002203614     0.001569983     338.254     36.482    265.001     148.895    0.130000
85     0.002212008     0.001506162     336.955     36.192    265.405     148.596    0.110000
86     0.002106558     0.001505870     335.772     35.436    266.522     148.858    0.120000
87     0.002056363     0.001486903     338.137     36.327    266.550     148.867    0.120000
88     0.002215547     0.001504713     339.316     36.492    268.268     148.926    0.120000
89     0.002230650     0.001512095     338.153     35.681    275.270     148.986    0.110000
90     0.002213885     0.001479801     338.782     36.050    266.147     148.371    0.110000
91     0.001861756     0.001535221     340.302     36.176    264.375     147.816    0.110000
92     0.001822147     0.001500532     340.987     36.208    265.194     148.003    0.110000
93     0.001851013     0.001488189     341.720     36.489    268.339     148.436    0.120000
94     0.001975417     0.001568057     340.745     36.157    263.260     147.070    0.110000
95     0.001590592     0.001538610     342.014     36.724    268.627     148.415    0.120000
96     0.001965733     0.001517632     342.451     36.664    264.615     147.210    0.110000
97     0.001625918     0.001469539     342.569     36.806    263.334     146.582    0.110000
98     0.001536937     0.001550273     343.569     36.823    263.778     146.792    0.120000
99     0.001555749     0.001517930     343.161     36.408    264.812     146.802    0.130000
100     0.001594741     0.001502760     343.031     36.449    267.264     147.489    0.130000
101     0.001692628     0.001528067     343.968     36.605    261.350     145.473    0.120000
102     0.001414715     0.001491668     342.093     35.237    262.099     145.828    0.140000
103     0.001477919     0.001442241     343.368     35.873    262.271     145.879    0.130000
104     0.001518659     0.001533900     341.984     35.147    262.431     145.585    0.130000
105     0.001490984     0.001542056     342.643     35.195    263.004     145.586    0.130000
106     0.001411241     0.001583961     343.479     35.031    255.167     142.372    0.130000
107     0.001378092     0.001546643     342.362     34.816    260.417     144.813    0.140000
108     0.001657071     0.001513597     342.616     34.813    273.386     147.792    0.130000
109     0.002109119     0.001580547     343.597     34.896    252.402     141.652    0.130000
110     0.001355631     0.001588589     343.550     35.140    251.351     141.393    0.120000
111     0.001426251     0.001544557     343.866     36.286    267.496     145.806    0.110000
112     0.002139440     0.001602658     343.723     36.297    268.366     146.197    0.130000
113     0.001618434     0.001587136     343.937     34.765    250.394     141.715    0.120000
114     0.001314459     0.001502582     343.743     34.199    263.293     144.767    0.120000
115     0.001755755     0.001569665     343.999     35.938    260.479     144.172    0.130000
116     0.001392375     0.001672627     342.768     33.693    247.399     139.814    0.110000
117     0.001360236     0.001606566     343.278     32.646    235.267     135.028    0.130000
118     0.001334893     0.001676920     343.881     32.544    234.031     135.389    0.140000
119     0.001427123     0.001690160     343.666     35.172    226.322     132.827    0.120000
120     0.001456484     0.001605492     342.651     32.284    228.391     134.686    0.130000
121     0.001471042     0.001705187     343.662     32.337    216.537     130.303    0.110000
122     0.001343568     0.001723554     342.970     31.966    216.752     131.589    0.140000
123     0.001428478     0.001823258     343.926     32.867    217.658     133.214    0.110000
124     0.001569407     0.001736422     343.137     31.808    218.998     134.528    0.120000
125     0.001521237     0.001938354     342.166     31.410    214.864     133.995    0.120000
126     0.001376310     0.001975914     343.743     32.200    215.449     135.207    0.120000
127     0.001542386     0.001911295     343.419     31.601    216.144     136.794    0.130000
128     0.001521385     0.001963256     343.388     31.557    229.832     142.106    0.130000
129     0.002154422     0.001882235     341.852     31.026    238.087     148.310    0.120000
130     0.003361075     0.002110231     343.773     31.048    244.369     149.430    0.130000
131     0.002418395     0.002124242     342.592     30.440    247.402     149.953    0.120000
132     0.002579546     0.002275452     343.539     31.262    241.492     149.758    0.130000
133     0.002469314     0.002117708     343.873     30.920    246.225     149.711    0.110000
134     0.002602463     0.002256221     343.666     30.230    254.401     149.884    0.110000
135     0.002632105     0.002751518     343.161     30.036    249.080     149.956    0.140000
136     0.002647037     0.002803778     343.868     30.224    261.846     149.933    0.130000
137     0.002556270     0.002643438     343.640     30.224    252.924     149.740    0.130000
138     0.002523761     0.002481695     343.351     30.298    265.514     149.967    0.120000
139     0.002505647     0.002479403     342.031     30.061    250.932     150.000    0.130000
140     0.002585605     0.002515451     343.567     30.038    263.921     149.720    0.150000
141     0.002702781     0.002688063     342.467     30.025    259.704     149.963    0.120000
142     0.002612782     0.002573788     343.517     30.993    264.135     149.646    0.130000
143     0.002349702     0.002054291     343.870     30.160    262.271     149.860    0.130000
144     0.002552979     0.002618191     343.935     30.526    262.793     149.930    0.130000
145     0.002649572     0.002476323     341.089     30.187    264.506     149.949    0.110000
146     0.002541955     0.002459424     343.618     30.224    265.964     149.866    0.130000
147     0.002547515     0.002592139     343.850     31.090    263.860     149.752    0.130000
148     0.002448047     0.002190905     343.861     30.042    262.993     149.894    0.140000
149     0.002704624     0.002684482     342.971     30.379    265.048     149.965    0.130000
150     0.002678983     0.002478391     342.507     30.552    271.046     149.728    0.140000
151     0.002348074     0.002484334     343.018     30.712    265.272     149.973    0.130000
152     0.002864341     0.002519446     343.288     30.591    267.708     149.973    0.130000
153     0.002698640     0.002421386     343.414     30.782    272.496     149.898    0.130000
154     0.002539557     0.002366486     343.739     30.451    270.800     149.528    0.130000
155     0.002462365     0.002375658     343.974     31.167    271.976     149.890    0.120000
156     0.002765133     0.002266142     343.951     30.648    271.723     149.756    0.130000
157     0.002579266     0.002321936     342.451     30.573    271.140     149.747    0.140000
158     0.002567373     0.002437897     343.434     30.046    270.412     149.810    0.130000
159     0.002442674     0.002863355     343.355     30.686    270.185     149.684    0.120000
160     0.002426895     0.002342975     343.704     30.083    270.672     149.654    0.130000
161     0.002361988     0.002575852     343.992     31.214    269.530     149.506    0.130000
162     0.002302739     0.002152421     343.528     30.316    266.666     149.105    0.130000
163     0.002132645     0.002696402     343.818     30.179    279.835     149.875    0.130000
164     0.002610171     0.002643994     343.898     31.365    279.574     149.732    0.130000
165     0.002523394     0.002208046     343.925     30.585    278.094     149.708    0.120000
166     0.002577275     0.002332105     342.816     30.309    281.405     149.963    0.130000
167     0.002704041     0.002510573     342.603     30.375    284.874     149.947    0.130000
168     0.002799639     0.002555835     343.614     31.155    282.623     149.824    0.120000
169     0.002684402     0.002153600     342.554     31.100    279.256     149.997    0.120000
170     0.002692844     0.002116194     342.797     31.460    278.199     149.917    0.120000
171     0.002539412     0.002025345     342.471     31.377    280.858     149.954    0.140000
172     0.002578428     0.002106421     343.020     31.797    276.381     149.838    0.120000
173     0.002463975     0.001956277     342.676     31.840    281.695     149.680    0.120000
174     0.002278140     0.001992671     342.616     32.308    279.612     149.926    0.130000
175     0.002579173     0.001841777     343.559     32.766    279.651     149.997    0.120000
176     0.002860570     0.001761814     343.765     32.571    281.277     149.892    0.130000
177     0.002574543     0.001824191     343.700     33.158    281.166     149.972    0.130000
178     0.002534595     0.001656516     343.696     33.236    276.036     149.342    0.130000
179     0.002282968     0.001570748     341.981     32.766    277.486     149.641    0.130000
180     0.002500361     0.001707686     341.173     32.750    275.837     149.839    0.120000
181     0.002540375     0.001558084     339.735     32.455    277.559     149.845    0.120000
182     0.002535973     0.001739838     340.606     32.885    274.929     149.777    0.140000
183     0.002618374     0.001654960     340.178     32.878    274.103     149.749    0.120000
184     0.002589479     0.001680144     339.198     32.709    278.738     149.971    0.140000
185     0.002513409     0.001663704     335.990     31.880    278.961     149.723    0.120000
186     0.002673920     0.001836255     338.721     32.968    279.188     149.979    0.130000
187     0.002757832     0.001742235     336.514     32.495    277.608     149.545    0.140000
188     0.002421189     0.001661242     335.582     32.424    277.682     149.639    0.130000
189     0.002324639     0.001854310     335.090     32.553    277.473     149.142    0.130000
190     0.002208146     0.001688149     333.330     32.200    277.776     149.306    0.130000
191     0.002392119     0.001770888     333.867     32.406    273.195     149.956    0.130000
192     0.002675063     0.001760590     335.529     33.093    272.627     149.481    0.120000
193     0.002406255     0.001684287     333.707     32.870    276.366     148.594    0.120000
194     0.001821016     0.001719466     333.787     32.850    275.753     148.274    0.130000
195     0.001925899     0.001673871     332.849     32.739    274.681     149.919    0.130000
196     0.002478669     0.001685512     332.873     32.664    273.318     149.585    0.130000
197     0.002334055     0.001674115     332.921     32.980    274.248     149.927    0.140000
198     0.002544715     0.001701073     332.588     33.000    274.564     149.801    0.120000
199     0.002667761     0.001697734     332.755     32.895    272.673     149.310    0.130000
200     0.002329454     0.001756677     338.389     34.569    271.051     149.103    0.140000
201     0.002257049     0.001653054     332.131     32.658    270.819     149.088    0.130000
202     0.002300916     0.001597088     332.422     34.334    273.512     149.614    0.140000
203     0.002341229     0.001628621     337.750     34.601    272.706     149.676    0.130000
204     0.002555134     0.001517623     336.378     34.066    273.214     149.557    0.120000
205     0.002302102     0.001584872     336.717     34.225    271.953     149.518    0.120000
206     0.002327112     0.001574376     336.815     34.374    270.314     149.184    0.130000
207     0.002154935     0.001586312     332.298     34.634    267.530     148.351    0.120000
208     0.001817521     0.001628293     330.299     33.931    270.340     149.417    0.120000
209     0.002296470     0.001621597     334.682     33.892    269.202     149.189    0.130000
210     0.002101293     0.001596205     330.238     34.047    270.329     149.390    0.140000
211     0.002321008     0.001590655     334.513     33.918    267.523     148.906    0.120000
212     0.002063044     0.001619059     330.660     34.338    269.380     149.389    0.130000
213     0.002303289     0.001610106     328.277     33.543    268.028     149.196    0.130000
214     0.002259592     0.001601255     328.745     33.818    264.717     148.188    0.140000
215     0.001928117     0.001622337     328.917     33.869    266.625     147.427    0.130000
216     0.001650349     0.001585602     329.662     34.175    267.300     147.749    0.120000
217     0.001686895     0.001529769     332.678     33.633    265.259     147.216    0.130000
218     0.001623813     0.001542808     327.579     32.059    265.309     147.538    0.130000
219     0.001637137     0.001784593     332.601     33.826    264.351     147.149    0.130000
220     0.001687955     0.001684967     327.184     33.869    263.439     147.323    0.120000
221     0.001664038     0.001668960     326.665     32.166    263.327     147.421    0.140000
222     0.001680090     0.001797913     325.775     32.053    264.698     148.053    0.130000
223     0.001850912     0.001952913     326.021     32.253    262.590     147.796    0.130000
224     0.001794194     0.001803864     326.025     32.445    261.204     147.499    0.140000
225     0.001682678     0.001700946     325.608     32.479    261.494     147.636    0.140000
226     0.001598512     0.001751324     324.577     32.352    260.640     147.742    0.130000
227     0.001866575     0.001737305     323.506     32.103    259.472     147.434    0.120000
228     0.001682445     0.001828062     322.377     32.364    259.654     147.826    0.130000
229     0.001682033     0.001790988     324.868     33.179    253.765     148.062    0.150000
230     0.001853320     0.001660417     323.517     32.994    257.638     147.608    0.120000
231     0.001678519     0.001641139     323.834     33.367    257.725     147.981    0.130000
232     0.001780195     0.001669948     323.740     33.714    256.866     147.678    0.130000
233     0.001636217     0.001542726     322.591     33.680    254.634     147.368    0.130000
234     0.001612886     0.001544088     321.842     33.511    256.149     147.999    0.140000
235     0.001785054     0.001562026     322.420     34.212    258.157     148.755    0.130000
236     0.002052515     0.001654618     319.970     33.603    255.533     148.059    0.120000
237     0.001843438     0.001510832     321.786     34.444    250.018     148.137    0.140000
238     0.001765088     0.001629532     319.156     33.996    250.917     148.728    0.130000
239     0.002026589     0.001600651     319.160     34.194    250.409     148.408    0.130000
240     0.001858496     0.001667146     319.601     34.468    252.149     148.988    0.120000
241     0.002217471     0.001642796     318.786     34.470    254.459     148.265    0.140000
242     0.001880287     0.001537567     317.797     34.529    250.319     148.728    0.130000
243     0.001987134     0.001599373     322.588     36.243    251.513     149.292    0.140000
244     0.002268328     0.001667101     322.169     37.848    254.888     148.497    0.120000
245     0.001849525     0.001626708     321.162     37.773    255.100     148.786    0.130000
246     0.001978195     0.001504748     321.098     36.203    254.883     148.936    0.140000
247     0.002051577     0.001459543     321.488     36.314    253.505     148.604    0.130000
248     0.002000042     0.001529473     321.152     36.466    250.024     149.207    0.130000
249     0.002237375     0.001485758     321.080     36.670    253.105     148.675    0.130000
250     0.002069761     0.001540122     320.978     36.571    253.978     148.780    0.140000
251     0.002037815     0.001488622     320.394     36.428    248.976     149.045    0.120000
252     0.002124021     0.001542883     318.793     35.857    249.169     149.511    0.130000
253     0.002281848     0.001514768     318.052     35.775    249.010     149.675    0.120000
254     0.002449085     0.001534364     319.553     37.849    253.202     149.214    0.140000
255     0.002219509     0.001664617     319.932     37.956    249.691     149.899    0.130000
256     0.002544583     0.001492462     319.645     37.792    247.309     149.576    0.140000
257     0.002432275     0.001540781     319.898     37.649    247.386     149.971    0.120000
258     0.002633190     0.001540466     318.154     35.272    246.709     149.657    0.140000
259     0.002481306     0.001366598     318.367     35.340    249.122     149.355    0.140000
260     0.002213157     0.001570859     318.617     35.134    243.460     149.566    0.120000
261     0.002286484     0.001487441     320.170     35.318    244.158     149.876    0.140000
262     0.002784650     0.001513739     322.537     37.453    242.017     149.715    0.130000
263     0.002570900     0.001656287     319.724     34.624    241.036     149.309    0.130000
264     0.002180766     0.001450870     323.241     37.294    241.675     149.915    0.120000
265     0.002587319     0.001671853     316.329     32.848    241.918     149.763    0.120000
266     0.002582234     0.001577136     316.345     32.298    248.248     149.414    0.140000
267     0.002487083     0.001846710     317.561     32.725    240.850     149.972    0.130000
268     0.002571380     0.001693842     319.482     33.590    238.827     149.725    0.130000
269     0.002345074     0.001579449     318.250     32.675    239.387     148.570    0.130000
270     0.001937435     0.001694058     319.266     33.189    239.656     148.955    0.150000
271     0.002075712     0.001652203     320.523     33.481    239.285     149.048    0.130000
272     0.002171540     0.001671685     319.435     33.024    236.728     148.431    0.140000
273     0.001831334     0.001674938     326.898     36.449    236.356     148.556    0.140000
274     0.002041122     0.001880613     326.674     36.055    236.170     148.999    0.130000
275     0.002088776     0.001567771     328.049     36.535    237.032     149.219    0.120000
276     0.002180629     0.001474719     322.225     35.938    237.271     149.217    0.130000
277     0.002230546     0.001463832     323.020     36.485    242.883     149.448    0.140000
278     0.002236802     0.001461233     322.870     36.318    243.001     149.583    0.130000
279     0.002487113     0.001507075     322.857     36.521    244.006     149.511    0.130000
280     0.002463037     0.001482176     324.401     36.989    242.584     149.119    0.140000
281     0.002149973     0.001532845     324.677     37.039    236.880     149.207    0.130000
282     0.002191465     0.001475045     324.055     36.738    236.422     149.182    0.140000
283     0.002197830     0.001426355     324.396     36.920    235.884     148.781    0.130000
284     0.002057326     0.001498299     325.364     37.219    242.561     149.205    0.130000
285     0.002231743     0.001513866     325.925     37.628    235.885     148.964    0.130000
286     0.002000928     0.001530526     325.064     37.342    242.889     149.489    0.130000
287     0.002398956     0.001452118     324.419     37.144    242.172     149.437    0.140000
288     0.002373218     0.001431289     324.499     37.208    241.779     148.995    0.120000
289     0.002038855     0.001521430     325.033     37.373    241.075     149.064    0.120000
290     0.002248674     0.001522449     325.676     37.593    243.464     149.674    0.130000
291     0.002421252     0.001538238     324.439     36.774    242.153     148.997    0.130000
292     0.002003737     0.001466203     324.707     36.889    244.810     149.553    0.130000
293     0.002491754     0.001543333     323.340     36.534    241.692     148.794    0.130000
294     0.001953648     0.001457983     327.108     37.130    246.123     149.800    0.130000
295     0.002682459     0.001520435     325.801     36.028    246.411     149.953    0.140000
296     0.002585860     0.001463700     325.960     35.867    240.506     149.510    0.140000
297     0.002454944     0.001416274     327.431     36.257    239.502     149.847    0.130000
298     0.002446104     0.001404022     330.946     36.803    236.872     149.488    0.130000
299     0.002396653     0.001588277     333.589     36.574    239.783     149.893    0.130000
300     0.002730559     0.001500964     337.460     37.103    244.315     149.839    0.130000
301     0.002677621     0.001538798     337.046     36.941    235.451     149.043    0.140000
302     0.002174146     0.001517339     334.099     35.712    235.751     149.430    0.120000
303     0.002303817     0.001409489     333.532     35.424    239.546     149.953    0.140000
304     0.002615356     0.001479420     334.206     35.514    238.504     149.366    0.140000
305     0.002199670     0.001479300     336.015     35.920    236.228     149.017    0.130000
306     0.002054652     0.001528616     334.051     35.384    235.397     149.645    0.130000
307     0.002528903     0.001609510     333.797     35.267    239.079     149.762    0.140000
308     0.002458865     0.001446188     331.827     32.503    236.866     149.820    0.130000
309     0.002661840     0.001660192     333.635     35.034    236.707     149.783    0.130000
310     0.002517901     0.001643839     333.274     32.994    236.509     149.999    0.130000
311     0.002551297     0.001600100     331.478     32.434    237.130     149.966    0.120000
312     0.002605733     0.001731766     333.238     33.265    236.905     149.179    0.120000
313     0.002239167     0.001707729     332.012     32.987    236.371     149.691    0.130000
314     0.002311266     0.001695347     332.677     33.499    238.643     149.784    0.130000
315     0.002496819     0.001593298     332.298     33.799    237.430     149.741    0.120000
316     0.002378913     0.001635141     335.309     35.099    238.009     148.714    0.130000
317     0.002077545     0.001627723     332.761     34.199    239.292     148.741    0.130000
318     0.002021988     0.001540902     331.049     33.662    245.989     149.665    0.140000
319     0.002501508     0.001609455     337.271     34.265    239.284     148.870    0.130000
320     0.002033953     0.001490197     336.831     34.271    245.559     149.336    0.130000
321     0.002214687     0.001544608     330.878     36.006    240.459     149.883    0.140000
322     0.002506682     0.001658858     331.131     36.327    239.756     149.542    0.120000
323     0.002246263     0.001578071     331.799     36.467    240.544     149.778    0.140000
324     0.002519945     0.001535555     330.686     36.476    241.007     149.709    0.130000
325     0.002598223     0.001558136     330.819     36.428    241.284     149.808    0.130000
326     0.002452996     0.001530348     331.328     36.831    245.229     149.121    0.130000
327     0.002200993     0.001574000     330.072     36.648    241.544     149.804    0.140000
328     0.002535857     0.001493277     331.208     37.140    247.557     149.717    0.140000
329     0.002337300     0.001467649     331.584     37.092    240.874     149.734    0.130000
330     0.002487126     0.001574246     329.797     36.369    248.308     149.892    0.130000
331     0.002486121     0.001427518     329.285     36.356    242.217     149.987    0.130000
332     0.002664538     0.001543755     330.888     36.933    245.744     149.545    0.140000
333     0.002242928     0.001552300     330.873     36.382    240.309     149.900    0.130000
334     0.002536226     0.001504782     331.178     36.636    240.427     149.948    0.120000
335     0.002635775     0.001480257     332.983     36.889    239.468     149.844    0.140000
336     0.002706736     0.001482942     331.888     36.237    238.453     149.895    0.110000
337     0.002642089     0.001490379     331.253     36.083    238.091     149.705    0.140000
338     0.002465578     0.001507455     331.875     35.955    237.922     149.982    0.130000
339     0.002607353     0.001538824     332.651     35.794    237.440     149.931    0.140000
340     0.002658439     0.001461764     332.233     35.710    236.635     149.941    0.130000
341     0.002640797     0.001481080     333.012     35.691    236.283     149.928    0.130000
342     0.002555500     0.001506665     335.060     36.264    236.551     149.605    0.130000
343     0.002335250     0.001533980     335.007     36.096    242.251     149.991    0.130000
344     0.002798425     0.001518508     333.430     35.506    234.719     149.976    0.130000
345     0.002639844     0.001422076     336.621     36.452    235.287     149.986    0.130000
346     0.002643274     0.001611122     333.816     35.324    241.619     149.966    0.140000
347     0.002560064     0.001528270     333.616     35.339    240.632     149.895    0.140000
348     0.002784199     0.001483665     333.613     35.344    239.797     149.795    0.110000
349     0.002435686     0.001508747     334.806     35.610    239.985     149.901    0.120000
350     0.002612481     0.001483715     339.011     37.102    234.931     149.927    0.140000
351     0.002700160     0.001663204     334.198     35.578    234.327     149.870    0.130000
352     0.002541652     0.001386923     332.948     35.785    240.052     149.894    0.140000
353     0.002764486     0.001563529     333.241     35.546    242.656     149.910    0.130000
354     0.002481377     0.001508137     330.977     35.024    241.096     149.608    0.130000
355     0.002412544     0.001475077     331.940     35.873    239.075     149.798    0.140000
356     0.002744896     0.001471402     331.020     35.529    242.375     149.465    0.130000
357     0.002398177     0.001523782     330.092     35.502    242.574     149.415    0.140000
358     0.002411898     0.001557487     330.006     35.678    245.854     149.940    0.130000
359     0.002645254     0.001493637     330.630     35.954    244.912     149.600    0.120000
360     0.002257026     0.001524989     329.314     33.988    246.668     149.960    0.140000
361     0.002500931     0.001504619     330.315     36.614    247.328     149.809    0.130000
362     0.002610264     0.001695480     328.534     36.106    247.530     149.965    0.140000
363     0.002522832     0.001481514     328.062     36.099    246.844     149.790    0.130000
364     0.002508834     0.001551262     327.826     35.993    248.029     149.609    0.130000
365     0.002346854     0.001575655     328.701     35.961    247.825     149.833    0.140000
366     0.002760480     0.001519167     329.066     36.206    245.694     149.881    0.130000
367     0.002620930     0.001586414     330.008     36.607    243.846     149.475    0.140000
368     0.002292070     0.001516457     328.604     35.798    239.982     149.983    0.120000
369     0.002672895     0.001526408     328.288     35.480    247.818     149.923    0.140000
370     0.002657130     0.001488606     329.596     36.279    246.181     149.949    0.130000
371     0.002590462     0.001576831     328.852     35.986    246.075     149.839    0.130000
372     0.002611652     0.001560173     328.512     36.459    246.531     149.890    0.130000
373     0.002653855     0.001535193     333.331     34.554    244.407     149.645    0.140000
374     0.002592166     0.001490589     327.840     36.815    243.269     149.650    0.130000
375     0.002375241     0.001671102     330.393     36.429    244.519     149.948    0.140000
376     0.002631796     0.001475067     327.518     37.356    245.856     149.991    0.130000
377     0.002634547     0.001532166     328.593     37.418    242.867     149.634    0.140000
378     0.002463361     0.001555821     328.432     37.389    243.018     149.856    0.130000
379     0.002578932     0.001434080     326.955     36.874    244.842     149.800    0.130000
380     0.002686974     0.001432407     328.310     37.158    243.956     149.349    0.140000
381     0.002355075     0.001493391     328.492     37.223    242.298     149.649    0.140000
382     0.002340713     0.001456247     329.562     37.282    243.417     149.874    0.130000
383     0.002672538     0.001508862     328.339     37.216    242.653     149.400    0.130000
384     0.002331559     0.001422822     328.510     37.229    241.728     149.538    0.130000
385     0.002358635     0.001432602     328.803     37.082    242.333     149.842    0.130000
386     0.002652018     0.001537103     330.201     37.648    245.785     149.773    0.140000
387     0.002409699     0.001498690     328.777     37.388    240.874     149.888    0.130000
388     0.002597622     0.001481193     330.420     37.702    246.174     149.662    0.140000
389     0.002469247     0.001461926     328.692     37.260    243.970     149.231    0.130000
390     0.002336844     0.001526431     330.010     37.738    244.625     149.733    0.140000
391     0.002647286     0.001578182     331.509     38.359    242.240     149.117    0.130000
392     0.002084309     0.001559547     329.455     37.860    247.830     149.956    0.140000
393     0.002813206     0.001474271     331.505     38.570    244.480     149.916    0.130000
394     0.002724178     0.001541532     328.795     37.705    244.328     149.871    0.130000
395     0.002668405     0.001421543     331.245     38.674    247.800     150.000    0.140000
396     0.002553452     0.001600574     330.012     38.151    247.116     149.526    0.130000
397     0.002344258     0.001448005     331.325     38.619    246.790     149.849    0.130000
398     0.002590162     0.001542705     332.230     38.829    243.272     148.855    0.150000
399     0.002065771     0.001555831     329.933     38.104    244.026     149.069    0.120000
400     0.002082867     0.001442131     330.450     38.221    245.669     149.553    0.140000
401     0.002311200     0.001480268     333.186     38.908    246.459     149.575    0.140000
402     0.002457930     0.001592118     332.552     38.979    246.441     149.363    0.120000
403     0.002347322     0.001500057     332.884     38.714    245.568     149.415    0.130000
404     0.002349382     0.001463777     334.753     39.514    245.560     149.276    0.140000
405     0.002089930     0.001502813     335.336     39.431    249.812     149.968    0.120000
406     0.002630027     0.001481083     336.429     39.634    247.211     149.945    0.130000
407     0.002807943     0.001485649     336.160     39.172    243.238     149.374    0.130000
408     0.002278870     0.001480544     336.391     39.291    248.040     149.919    0.130000
409     0.002715265     0.001479696     336.582     39.602    247.527     149.992    0.110000
410     0.002713376     0.001536750     337.020     39.589    245.966     149.944    0.130000
411     0.002552725     0.001511291     336.216     39.060    245.124     149.641    0.130000
412     0.002387125     0.001466572     335.974     39.159    246.011     149.582    0.140000
413     0.002479217     0.001529659     336.645     39.300    239.169     149.459    0.140000
414     0.002305640     0.001442787     338.804     39.810    243.129     149.330    0.120000
415     0.002365913     0.001519273     337.864     39.359    242.725     149.603    0.140000
416     0.002386876     0.001483136     340.273     40.063    242.648     149.713    0.130000
417     0.002370095     0.001594575     338.843     39.369    243.169     149.933    0.140000
418     0.002769924     0.001416046     338.183     38.834    246.731     149.949    0.130000
419     0.002475862     0.001439477     339.206     39.130    242.750     149.602    0.130000
420     0.002450321     0.001511904     338.135     38.652    244.067     149.946    0.130000
421     0.002693288     0.001430648     338.831     39.041    236.755     149.641    0.130000
422     0.002368165     0.001545685     338.589     38.967    239.904     149.749    0.130000
423     0.002496817     0.001469460     339.113     39.087    239.415     149.943    0.140000
424     0.002870069     0.001543879     339.214     39.009    238.275     149.954    0.130000
425     0.002570397     0.001441425     339.306     39.169    238.420     149.978    0.130000
426     0.002834914     0.001513735     339.242     39.312    233.984     149.547    0.140000
427     0.002546617     0.001503809     339.001     39.090    235.574     149.832    0.120000
428     0.002734642     0.001444594     343.089     36.707    239.268     149.798    0.140000
429     0.002439031     0.001376290     337.783     38.942    232.743     149.555    0.130000
430     0.002299093     0.001726994     339.056     39.702    237.073     149.827    0.140000
431     0.002514086     0.001616320     338.495     39.821    234.351     149.934    0.130000
432     0.002639785     0.001522300     342.444     36.998    235.562     149.958    0.140000
433     0.002597138     0.001430860     339.835     40.580    234.812     149.729    0.130000
434     0.002466621     0.001976850     338.825     40.344    234.491     149.699    0.120000
435     0.002501622     0.001497257     337.824     40.404    237.882     149.924    0.140000
436     0.002652394     0.001520419     336.938     40.340    233.332     149.684    0.120000
437     0.002487065     0.001516131     341.995     37.920    232.464     149.827    0.140000
438     0.002487020     0.001377559     336.198     40.538    231.181     149.842    0.130000
439     0.002522586     0.001785225     336.399     40.829    234.840     149.980    0.140000
440     0.002757412     0.001649665     337.168     41.250    234.661     149.811    0.130000
441     0.002428669     0.001519887     336.919     41.523    229.436     149.322    0.150000
442     0.002199270     0.001528319     340.762     38.859    237.328     149.957    0.130000
443     0.002886089     0.001367001     340.033     38.355    231.545     149.999    0.120000
444     0.002636918     0.001473658     342.085     39.073    230.394     149.847    0.130000
445     0.002530188     0.001529995     343.437     39.861    223.973     148.857    0.120000
446     0.002018082     0.001611039     342.808     39.826    227.851     149.873    0.130000
447     0.002794446     0.001485779     343.831     40.894    228.173     149.734    0.140000
448     0.002425718     0.001626775     343.470     40.863    227.077     149.934    0.130000
449     0.002625005     0.001527032     343.075     40.767    232.123     149.930    0.130000
450     0.002711977     0.001484408     341.339     40.510    228.829     149.646    0.130000
451     0.002645727     0.001475959     342.191     41.373    228.325     149.667    0.140000
452     0.002574631     0.001528742     341.727     41.349    226.632     149.960    0.130000
453     0.002611575     0.001577666     341.254     41.326    220.461     149.512    0.140000
454     0.002453397     0.001510662     340.550     41.215    221.550     149.532    0.120000
455     0.002539129     0.001516595     339.989     41.179    222.724     149.831    0.130000
456     0.002487754     0.001470638     339.486     41.092    223.616     149.806    0.140000
457     0.002720135     0.001488942     339.518     41.189    222.407     149.885    0.130000
458     0.002616477     0.001554841     339.518     41.564    225.026     149.842    0.130000
459     0.002357675     0.001546935     339.532     41.693    223.521     149.774    0.130000
460     0.002655513     0.001541498     343.847     43.968    222.004     149.616    0.130000
461     0.002558556     0.001836090     343.400     43.705    219.694     149.361    0.150000
462     0.002450235     0.001447912     342.385     43.888    216.159     148.863    0.130000
463     0.001965252     0.001499408     343.731     44.475    214.286     149.211    0.130000
464     0.002377526     0.001565978     340.532     48.363    214.314     149.597    0.140000
465     0.002415990     0.002096748     341.851     49.378    222.997     149.532    0.140000
466     0.002374108     0.001657302     341.471     49.021    221.303     149.663    0.130000
467     0.002558571     0.001382993     341.054     49.190    216.961     149.499    0.130000
468     0.002320203     0.001504544     341.062     49.305    216.337     149.433    0.120000
469     0.002490340     0.001525638     341.245     49.323    218.079     149.739    0.130000
470     0.002401251     0.001549394     341.424     49.611    214.098     149.724    0.130000
471     0.002306378     0.001572986     340.805     49.434    227.907     149.765    0.130000
472     0.002672551     0.001473671     343.199     50.669    224.314     149.454    0.130000
473     0.002364496     0.001652097     343.548     45.132    224.283     149.731    0.130000
474     0.002518334     0.001348219     342.650     44.257    222.631     149.502    0.140000
475     0.002456415     0.001396766     341.990     43.906    221.357     149.500    0.120000
476     0.002271761     0.001463962     343.927     44.762    217.532     149.746    0.130000
477     0.002454460     0.001549401     342.944     44.930    216.527     149.892    0.140000
478     0.002625969     0.001573538     343.325     44.649    214.916     149.508    0.130000
479     0.002304964     0.001496028     342.044     43.992    213.790     149.946    0.130000
480     0.002889232     0.001453480     343.945     44.854    229.044     149.583    0.130000
481     0.002409050     0.001626809     343.984     44.866    227.439     149.883    0.130000
482     0.002429955     0.001532406     343.064     44.409    218.792     150.000    0.140000
483     0.002773184     0.001483200     341.937     43.878    214.880     149.223    0.140000
484     0.002250877     0.001417835     341.586     43.711    226.592     149.950    0.130000
485     0.002581925     0.001520730     342.896     44.141    213.875     149.747    0.130000
486     0.002487361     0.001536271     341.155     42.933    219.444     149.995    0.130000
487     0.002722593     0.001432629     340.383     48.264    213.886     149.978    0.140000
488     0.002682183     0.002660485     341.561     48.959    215.817     149.779    0.130000
489     0.002336461     0.001733931     341.861     48.964    216.921     149.936    0.140000
490     0.002660673     0.001552961     339.639     48.196    213.918     149.555    0.130000
491     0.002300295     0.001429889     339.270     48.663    213.398     149.645    0.130000
492     0.002579525     0.001544515     343.673     45.429    218.040     149.686    0.120000
493     0.002593977     0.001397835     341.298     44.976    219.644     149.825    0.120000
494     0.002619285     0.001417553     342.024     45.703    215.392     149.864    0.130000
495     0.002762870     0.001590416     340.263     44.641    217.397     149.676    0.150000
496     0.002342561     0.001402114     341.330     45.355    215.341     149.990    0.120000
497     0.002777975     0.001516127     340.222     44.908    215.479     149.929    0.130000
498     0.002542512     0.001473292     339.173     44.717    213.674     149.939    0.140000
499     0.002456751     0.001480901     338.770     44.567    213.992     149.700    0.140000
500     0.002495699     0.001519484     339.746     45.237    213.353     149.867    0.120000
501     0.002497995     0.001601130     337.893     44.493    218.778     149.898    0.140000
502     0.002516770     0.001469627     338.857     45.087    214.348     150.000    0.130000
503     0.002645890     0.001466305     338.330     44.774    218.320     149.868    0.130000
504     0.002718606     0.001449164     332.183     47.691    215.489     149.232    0.130000
505     0.002292420     0.001864498     332.892     47.967    213.575     149.111    0.110000
506     0.002080831     0.001569442     337.939     44.576    214.580     149.266    0.120000
507     0.002157817     0.001320441     332.227     47.656    213.854     149.379    0.120000
508     0.002346853     0.001847424     337.702     44.461    213.922     149.464    0.110000
509     0.002285861     0.001367453     338.393     45.073    215.140     149.763    0.150000
510     0.002529009     0.001578371     337.691     44.756    213.686     149.857    0.130000
511     0.002520110     0.001488632     336.590     44.050    214.725     149.618    0.130000
512     0.002398017     0.001407120     336.456     43.863    214.075     149.749    0.140000
513     0.002516546     0.001445898     336.422     43.866    214.841     149.855    0.140000
514     0.002672591     0.001448651     336.702     43.917    213.817     149.668    0.120000
515     0.002448257     0.001466203     337.033     44.090    213.951     149.876    0.110000
516     0.002698374     0.001484044     337.452     43.840    214.279     149.931    0.110000
517     0.002781119     0.001466083     338.122     43.757    213.709     149.207    0.120000
518     0.002246611     0.001456452     339.652     44.127    214.368     149.785    0.130000
519     0.002527230     0.001497914     338.436     42.896    216.294     149.817    0.120000
520     0.002497314     0.001443861     333.775     46.236    215.062     149.587    0.120000
521     0.002576991     0.001894185     341.873     43.909    217.608     149.791    0.130000
522     0.002524107     0.001360857     341.904     42.666    220.679     149.979    0.120000
523     0.002641958     0.001460669     343.790     42.626    218.825     149.720    0.140000
524     0.002453450     0.001539424     339.126     45.660    218.831     149.990    0.130000
525     0.002639070     0.001921170     342.145     46.029    220.118     149.907    0.140000
526     0.002608079     0.001582933     341.293     44.625    219.467     149.928    0.120000
527     0.002682294     0.001459871     343.488     44.551    224.349     149.966    0.110000
528     0.002854389     0.001455600     343.650     43.118    225.461     149.743    0.130000
529     0.002405422     0.001432748     343.781     38.371    221.234     149.873    0.130000
530     0.002669595     0.001328438     343.691     37.695    215.644     149.926    0.120000
531     0.002671731     0.001415500     343.841     36.552    214.180     149.684    0.140000
532     0.002454126     0.001439790     343.800     36.588    216.983     149.734    0.130000
533     0.002467024     0.001472273     342.477     34.843    218.345     149.803    0.140000
534     0.002475886     0.001488760     343.644     34.429    221.858     149.969    0.130000
535     0.002803766     0.001548974     343.044     34.330    222.393     149.865    0.140000
536     0.002667585     0.001559252     343.105     33.162    226.019     149.872    0.130000
537     0.002570431     0.001600781     228.706     149.988    343.292     33.007    0.130000
538     0.002619665     0.001653260     227.092     149.935    343.848     33.022    0.140000
539     0.002615133     0.001779202     227.492     149.895    343.327     31.941    0.120000
540     0.002694796     0.001901556     227.896     149.467    343.615     31.183    0.130000
541     0.002255452     0.002087830     228.162     149.566    342.961     30.569    0.120000
542     0.002387749     0.002324084     230.412     149.980    342.902     30.092    0.140000
543     0.002591527     0.002528983     231.257     149.555    342.306     30.009    0.130000
544     0.002416604     0.002698565     233.928     149.885    343.159     30.017    0.140000
545     0.002642491     0.002830902     238.469     149.997    343.990     30.602    0.130000
546     0.002562624     0.002377480     234.462     149.807    343.961     30.381    0.130000
547     0.002610564     0.002482252     239.257     149.915    342.302     30.328    0.140000
548     0.002707439     0.002452254     237.838     149.711    343.611     30.083    0.140000
549     0.002563517     0.002707854     238.191     149.801    343.928     30.208    0.130000
550     0.002497753     0.002599958     238.719     149.968    343.938     30.552    0.130000
551     0.002738469     0.002329559     241.994     149.766    343.946     30.030    0.130000
552     0.002494504     0.002733979     240.505     149.881    342.120     30.252    0.140000
553     0.002516259     0.002639771     243.137     149.937    343.941     30.751    0.120000
554     0.002847687     0.002320288     241.630     149.573    343.780     30.140    0.140000
555     0.002446563     0.002666351     244.232     149.908    342.287     30.397    0.130000
556     0.002711392     0.002557844     242.569     149.289    343.708     30.400    0.130000
557     0.002297339     0.002457956     244.469     149.704    343.780     30.464    0.140000
558     0.002500906     0.002591560     245.495     149.785    343.689     30.156    0.130000
559     0.002576192     0.002609424     246.287     149.650    342.847     30.504    0.130000
560     0.002411353     0.002514164     246.082     149.806    343.814     30.395    0.130000
561     0.002612870     0.002541674     253.883     149.760    343.685     30.288    0.140000
562     0.002473628     0.002428833     256.352     149.899    342.674     30.193    0.140000
563     0.002500422     0.002696875     250.000     149.968    288.379     36.974    0.120000
564     0.002905357     0.002231696     255.626     149.636    343.876     33.962    0.140000
565     0.002344203     0.001416334     251.388     149.881    323.283     32.352    0.130000
566     0.002670499     0.001835277     252.258     149.696    297.794     31.895    0.130000
567     0.002631459     0.001915837     253.646     149.922    341.070     35.535    0.130000
568     0.002586068     0.001750528     254.369     149.623    341.215     31.040    0.120000
569     0.002611256     0.002056344     255.830     149.844    332.855     31.781    0.140000
570     0.002455650     0.001840054     255.801     149.854    338.655     30.482    0.140000
571     0.002338459     0.002388875     257.053     149.704    343.494     31.178    0.130000
572     0.002530837     0.002106462     257.938     149.790    288.109     34.723    0.120000
573     0.002564360     0.001708162     258.325     149.541    301.552     40.630    0.140000
574     0.002481432     0.002736142     256.796     149.660    336.067     32.256    0.140000
575     0.002588425     0.001709080     260.360     149.993    323.234     32.366    0.120000
576     0.002778350     0.001716477     259.622     149.910    323.752     30.424    0.130000
577     0.002627074     0.002491950     265.181     149.901    325.662     33.472    0.140000
578     0.002669433     0.001748454     258.669     149.705    321.707     39.507    0.130000
579     0.002403245     0.002563356     259.736     149.899    322.747     44.652    0.140000
580     0.002621794     0.002861121     260.901     149.748    321.041     45.923    0.130000
581     0.002610475     0.001866377     262.537     149.927    320.434     47.727    0.140000
582     0.002695862     0.001731697     261.243     149.405    324.800     44.893    0.130000
583     0.002352934     0.001349370     262.674     149.910    317.802     42.052    0.140000
584     0.002878921     0.001366028     260.674     149.390    317.802     43.821    0.120000
585     0.002368650     0.001615077     260.175     148.901    321.322     43.209    0.150000
586     0.002165346     0.001445642     263.245     149.839    320.811     43.580    0.130000
587     0.002699039     0.001524427     263.620     149.428    320.754     46.391    0.130000
588     0.002204642     0.001958090     262.637     149.146    319.592     44.136    0.140000
589     0.002169027     0.001350987     262.605     148.850    319.027     47.063    0.130000
590     0.001977774     0.001753761     271.501     149.507    317.528     46.678    0.140000
591     0.002520105     0.001436105     265.800     148.963    317.131     47.097    0.140000
592     0.002053330     0.001550739     265.473     148.745    317.463     51.611    0.130000
593     0.002004497     0.002263123     274.903     149.905    315.640     48.009    0.130000
594     0.002761579     0.001339730     277.010     149.927    314.462     47.728    0.140000
595     0.002588040     0.001431468     276.266     149.550    311.626     43.017    0.130000
596     0.002395423     0.001323455     275.720     149.022    310.399     42.695    0.140000
597     0.002124169     0.001456667     277.398     148.925    309.781     44.224    0.130000
598     0.002052493     0.001665891     278.964     149.039    308.825     43.890    0.140000
599     0.002063120     0.001511424     278.123     148.689    307.657     43.196    0.140000
600     0.001988154     0.001441568     271.666     147.750    305.970     42.707    0.130000
601     0.001737509     0.001431343     280.254     148.982    305.312     42.547    0.140000
602     0.002127779     0.001528082     281.619     148.969    302.918     40.992    0.130000
603     0.002153881     0.001406041     282.511     148.680    301.116     40.297    0.140000
604     0.001929231     0.001490795     283.168     148.671    299.415     39.408    0.140000
605     0.002041732     0.001419721     277.279     148.126    298.515     39.990    0.120000
606     0.001811094     0.001544149     282.384     147.925    288.618     36.373    0.150000
607     0.001681509     0.001358842     283.543     148.071    288.723     34.389    0.130000
608     0.001934264     0.001425239     286.195     148.836    288.482     36.375    0.130000
609     0.002159432     0.001705416     284.618     147.806    288.174     34.849    0.140000
610     0.001677743     0.001463231     286.470     148.194    288.505     35.127    0.130000
611     0.001827112     0.001489543     283.904     147.344    288.756     34.839    0.130000
612     0.001656226     0.001600077     284.374     147.406    288.016     34.714    0.130000
613     0.001736616     0.001567550     287.239     147.949    289.284     35.455    0.130000
614     0.001813514     0.001545851     281.868     145.683    288.441     33.503    0.140000
615     0.001447246     0.001596435     286.362     147.570    288.775     34.969    0.140000
616     0.001891224     0.001649640     284.454     146.915    288.257     34.079    0.130000
617     0.001610359     0.001516660     287.207     147.564    288.079     34.466    0.130000
618     0.001754487     0.001587310     285.467     146.666    288.071     33.665    0.140000
619     0.001444678     0.001500348     285.978     146.873    288.474     34.392    0.140000
620     0.001582203     0.001614273     284.668     146.321    288.336     32.722    0.140000
621     0.001557309     0.001748744     279.155     146.317    288.575     35.142    0.130000
622     0.001555143     0.001702172     285.728     146.256    288.091     33.377    0.130000
623     0.001557693     0.001476304     282.398     144.417    289.155     32.393    0.140000
624     0.001349938     0.001809138     285.573     146.135    288.012     32.577    0.120000
625     0.001631622     0.001822753     282.696     144.172    289.567     31.877    0.140000
626     0.001389997     0.001829897     279.356     145.236    288.453     33.409    0.130000
627     0.001525428     0.001658775     284.770     145.391    288.041     32.524    0.130000
628     0.001548812     0.001799723     280.539     145.408    288.142     33.903    0.140000
629     0.001470209     0.001624654     280.216     145.071    288.376     33.371    0.130000
630     0.001464437     0.001561138     280.633     145.064    288.258     32.403    0.130000
631     0.001477211     0.001716304     285.015     144.496    288.124     32.263    0.140000
632     0.001426166     0.001895936     279.714     144.634    288.108     32.980    0.130000
633     0.001432299     0.001750110     279.741     144.303    289.403     33.030    0.130000
634     0.001415671     0.001642358     280.790     144.483    288.250     32.944    0.130000
635     0.001492860     0.001724994     278.970     144.142    288.287     30.282    0.140000
636     0.001425638     0.002302647     285.308     144.479    288.166     31.157    0.120000
637     0.001517200     0.002197698     277.216     142.432    288.157     30.015    0.140000
638     0.001329538     0.002744873     278.901     144.009    288.271     32.666    0.130000
639     0.001443971     0.001791526     284.324     144.069    288.374     30.264    0.140000
640     0.001521812     0.002510103     276.824     142.349    288.542     30.324    0.130000
641     0.001373768     0.002544824     278.733     144.103    288.384     31.287    0.140000
642     0.001568662     0.002143208     282.523     143.858    288.435     30.282    0.120000
643     0.001435678     0.002430154     284.694     144.689    288.489     31.199    0.130000
644     0.001492548     0.002083810     277.071     144.164    288.411     30.505    0.120000
645     0.001441282     0.002308459     283.840     144.702    290.190     30.322    0.120000
646     0.001531733     0.002545309     277.867     144.497    291.022     33.356    0.130000
647     0.001452429     0.001701298     274.944     143.759    291.155     32.341    0.120000
648     0.001440228     0.001815656     276.342     144.366    291.101     33.705    0.130000
649     0.001512843     0.001649807     280.022     144.213    339.351     30.333    0.130000
650     0.001432230     0.002369086     279.625     144.082    289.039     32.167    0.130000
651     0.001495145     0.001878278     280.027     144.801    336.082     34.022    0.140000
652     0.001488411     0.001696612     277.453     144.453    335.621     34.644    0.140000
653     0.001445821     0.001583525     272.594     145.173    336.809     33.574    0.130000
654     0.001554301     0.001538701     269.623     144.949    329.828     38.487    0.130000
655     0.001460731     0.002255672     269.316     144.705    327.063     37.995    0.140000
656     0.001466844     0.001527866     267.647     144.822    329.991     44.053    0.130000
657     0.001519430     0.002715077     267.001     142.508    330.843     38.236    0.140000
658     0.001371074     0.001371552     265.755     145.272    329.810     38.305    0.130000
659     0.001868644     0.001495863     263.077     145.210    328.661     35.180    0.130000
660     0.001484060     0.001407275     258.905     143.060    320.140     42.355    0.130000
661     0.001346269     0.003044151     263.680     143.426    319.481     43.303    0.130000
662     0.001415713     0.001706374     261.093     143.219    319.655     44.150    0.130000
663     0.001430071     0.001602901     254.250     143.054    337.905     35.849    0.140000
664     0.001418242     0.001456020     258.941     143.536    318.229     31.312    0.130000
665     0.001453842     0.001977328     255.584     142.767    317.319     31.133    0.140000
666     0.001392404     0.002006978     254.838     143.385    313.480     32.936    0.130000
667     0.001470287     0.001746151     246.721     142.904    312.246     30.024    0.130000
668     0.001412983     0.002770268     246.845     143.713    310.285     30.210    0.130000
669     0.001488187     0.002660807     248.857     143.627    342.157     39.210    0.140000
670     0.001481877     0.003117232     242.783     143.771    342.987     30.706    0.140000
671     0.001432611     0.002095209     247.489     145.558    343.992     31.542    0.110000
672     0.001630186     0.002058924     245.799     145.618    343.768     30.318    0.130000
673     0.001473128     0.002558773     243.744     145.588    343.325     30.730    0.140000
674     0.001527758     0.002256781     240.750     146.252    342.415     30.196    0.130000
675     0.001560015     0.002535277     237.800     146.168    342.651     30.013    0.130000
676     0.001496851     0.002728204     235.584     146.546    342.025     30.106    0.140000
677     0.001630156     0.002653240     232.999     146.981    338.148     30.310    0.130000
678     0.001604951     0.002795710     228.266     146.673    335.273     30.010    0.140000
679     0.001630048     0.002890762     227.213     147.392    331.063     30.638    0.140000
680     0.001810298     0.002416639     223.664     147.414    327.809     30.169    0.120000
681     0.001710890     0.002749573     222.008     148.387    324.332     31.367    0.150000
682     0.001949073     0.002181000     218.734     148.529    321.564     31.800    0.130000
683     0.001883049     0.001977873     217.944     149.328    317.642     31.943    0.110000
684     0.002421237     0.001790918     214.275     149.705    314.305     32.062    0.130000
685     0.002697755     0.001902682     213.824     149.588    310.244     32.368    0.140000
686     0.002487925     0.001756991     306.402     31.779    213.869     149.818    0.130000
687     0.002556244     0.001917504     303.049     31.890    213.725     149.549    0.140000
688     0.002359912     0.001850885     300.402     34.191    283.709     149.196    0.130000
689     0.002129618     0.001727854     296.593     34.168    266.615     149.829    0.140000
690     0.002630254     0.001655478     293.738     35.014    253.300     141.998    0.130000
691     0.001309753     0.001623126     289.951     35.026    254.633     141.039    0.140000
692     0.001325416     0.001582827     292.226     37.398    257.645     144.471    0.140000
693     0.001725018     0.001764033     290.347     38.679    254.013     143.757    0.130000
694     0.001438132     0.001614358     288.494     39.904    249.879     148.311    0.140000
695     0.002425362     0.001612666     288.449     40.766    256.175     146.707    0.120000
696     0.001506355     0.001519660     298.890     46.485    254.202     148.410    0.140000
697     0.002116859     0.002670228     298.105     48.522    252.342     148.605    0.140000
698     0.002002812     0.002019743     296.882     50.955    221.639     149.584    0.130000
699     0.002383105     0.001804410     291.049     50.309    215.861     146.699    0.140000
700     0.001463683     0.001405700     295.839     55.143    213.392     145.862    0.140000
701     0.001488358     0.002283918     293.741     57.505    214.906     148.342    0.130000
702     0.002157418     0.001917132     343.544     60.418    275.345     149.994    0.140000
703     0.002884706     0.001905593     342.764     59.619    276.800     149.993    0.130000
704     0.002539248     0.001549721     343.767     63.327    269.105     149.901    0.130000
705     0.002557135     0.002155527     341.875     63.915    267.767     149.945    0.140000
706     0.002693495     0.001621698     342.334     66.604    244.176     146.374    0.140000
707     0.001417947     0.001806732     341.843     69.313    241.630     146.969    0.130000
708     0.001686361     0.001844573     335.719     64.646    256.983     149.090    0.140000
709     0.002284913     0.001315519     330.208     62.350    257.412     149.726    0.130000
710     0.002505452     0.001309943     328.051     61.102    231.258     144.241    0.130000
711     0.001354265     0.001424872     331.200     66.260    230.568     145.528    0.140000
712     0.001548328     0.002384874     330.136     66.962    215.781     143.472    0.130000
713     0.001305023     0.001671705     324.709     64.792    245.929     149.501    0.140000
714     0.003132736     0.001410963     329.158     69.022    223.500     145.604    0.140000
715     0.001435273     0.002141631     332.844     71.894    234.296     149.563    0.130000
716     0.002697886     0.002003279     330.715     72.815    217.980     146.206    0.140000
717     0.001434753     0.001626097     331.297     72.789    214.620     144.669    0.130000
718     0.001352494     0.001507023     328.734     72.072    213.618     146.990    0.140000
719     0.001684569     0.001456681     331.353     76.076    213.388     146.391    0.130000
720     0.001583902     0.002200299     330.031     74.446    224.960     147.656    0.140000
721     0.001741943     0.001483042     330.766     72.111    231.027     147.897    0.130000
722     0.001725794     0.001362873     329.615     71.935    230.937     148.075    0.140000
723     0.001880593     0.001539439     330.036     69.593    227.394     146.490    0.130000
724     0.001520700     0.001329912     331.003     68.421    246.907     149.504    0.140000
725     0.002501412     0.001364912     332.713     68.881    218.408     146.522    0.130000
726     0.001474311     0.001552034     334.275     69.630    215.739     143.992    0.140000
727     0.001357821     0.001550720     337.238     67.830    214.020     142.435    0.130000
728     0.001355077     0.001362408     337.649     64.116    223.133     143.028    0.140000
729     0.001424814     0.001341057     338.898     56.222    227.220     137.716    0.140000
730     0.001333901     0.001411687     340.492     53.575    213.446     137.278    0.130000
731     0.001372398     0.001384684     342.435     46.612    228.537     135.027    0.140000
732     0.001319704     0.001389310     340.835     44.836    230.586     129.697    0.120000
733     0.001326886     0.001347196     288.593     36.712    213.360     129.926    0.150000
734     0.001386632     0.001386142     288.131     32.866    228.606     128.792    0.130000
735     0.001368916     0.001582637     288.968     33.034    215.038     123.213    0.140000
736     0.001365620     0.001642114     288.027     31.976    214.988     130.439    0.130000
737     0.002713756     0.001885847     288.366     32.921    215.277     135.858    0.130000
738     0.002674992     0.001698735     288.119     33.230    213.806     128.140    0.130000
739     0.001423134     0.001693518     288.279     32.769    213.341     128.068    0.140000
740     0.001413562     0.001751482     288.124     32.885    214.905     132.414    0.140000
741     0.001936814     0.001692625     288.126     33.155    214.210     128.510    0.130000
742     0.001346915     0.001666989     288.554     33.160    213.457     130.011    0.130000
743     0.001553879     0.001615169     288.293     33.322    214.825     131.020    0.140000
744     0.001431535     0.001595128     288.683     33.813    216.508     132.433    0.140000
745     0.001580746     0.001599165     289.185     33.663    213.353     136.596    0.130000
746     0.001987671     0.001651506     288.920     33.633    213.529     136.621    0.140000
747     0.001488239     0.001556281     288.313     32.957    214.257     138.294    0.130000
748     0.001565055     0.001698515     289.207     34.228    214.007     138.342    0.140000
749     0.001452508     0.001605889     288.327     33.839    213.428     138.058    0.130000
750     0.001405153     0.001591594     288.157     33.389    214.753     139.874    0.130000
751     0.001549430     0.001673443     288.516     33.662    214.506     139.384    0.130000
752     0.001424569     0.001681200     291.044     35.284    214.296     139.799    0.150000
753     0.001528964     0.001643030     288.965     34.575    215.543     141.034    0.130000
754     0.001485143     0.001511898     288.742     34.918    215.422     140.560    0.140000
755     0.001368346     0.001567962     288.541     35.527    214.641     140.769    0.130000
756     0.001429425     0.001604078     288.085     35.363    213.614     142.232    0.140000
757     0.001529023     0.001567071     288.776     35.251    213.354     141.846    0.130000
758     0.001357138     0.001442811     288.146     35.402    214.484     142.647    0.140000
759     0.001514958     0.001565943     288.479     35.227    213.477     142.546    0.130000
760     0.001404225     0.001552511     288.185     37.256    213.614     147.130    0.130000
761     0.002242628     0.001766304     288.382     37.065    213.615     146.211    0.140000
762     0.001499160     0.001474727     289.257     37.324    213.825     145.944    0.130000
763     0.001526542     0.001428741     289.115     37.229    214.674     146.720    0.130000
764     0.001610285     0.001499185     289.161     36.962    213.522     145.623    0.150000
765     0.001461483     0.001489961     289.663     37.018    214.832     146.954    0.130000
766     0.001660298     0.001496988     288.036     36.681    213.850     146.374    0.140000
767     0.001501872     0.001517940     291.205     38.042    213.960     146.538    0.130000
768     0.001613475     0.001605904     288.132     37.424    215.348     147.171    0.140000
769     0.001647166     0.001397952     289.927     38.000    214.414     146.776    0.130000
770     0.001579790     0.001538758     288.101     38.148    214.113     146.743    0.140000
771     0.001561878     0.001495597     288.467     38.218    214.749     148.121    0.130000
772     0.001846264     0.001518819     288.990     38.846    213.652     149.928    0.140000
773     0.002777641     0.001593046     289.060     39.280    213.381     149.223    0.130000
774     0.002295467     0.001532993     288.831     39.486    213.652     149.754    0.130000
775     0.002493384     0.001485271     288.608     39.229    214.131     149.247    0.140000
776     0.002107093     0.001472535     294.929     41.159    214.056     149.422    0.140000
777     0.002295529     0.001719819     289.854     39.783    214.767     149.879    0.130000
778     0.002606359     0.001463506     290.687     40.458    213.480     148.811    0.140000
779     0.002054791     0.001541255     290.019     40.118    216.172     149.227    0.130000
780     0.002286460     0.001422691     290.502     40.577    214.973     149.197    0.120000
781     0.002222886     0.001522981     291.969     40.589    214.991     148.829    0.140000
782     0.002038118     0.001547256     292.990     40.941    214.505     145.026    0.120000
783     0.001334004     0.001587484     292.765     40.910    214.168     143.761    0.130000
784     0.001355174     0.001524844     294.663     41.527    214.068     144.584    0.130000
785     0.001542559     0.001504226     295.473     41.879    214.451     144.831    0.140000
786     0.001448368     0.001551601     297.992     42.652    214.483     144.839    0.130000
787     0.001512101     0.001619296     298.996     42.882    213.724     144.684    0.140000
788     0.001409367     0.001526235     300.178     43.423    213.920     143.875    0.120000
789     0.001371327     0.001621296     300.034     42.621    214.402     143.889    0.140000
790     0.001475408     0.001456490     301.632     43.082    215.845     144.020    0.140000
791     0.001440863     0.001518202     302.347     43.112    215.635     143.921    0.130000
792     0.001533290     0.001498109     305.451     44.229    216.770     144.166    0.130000
793     0.001438744     0.001636127     304.609     43.556    218.833     144.646    0.140000
794     0.001483796     0.001414801     306.460     44.112    221.835     145.218    0.140000
795     0.001516735     0.001507454     309.770     44.890    222.867     145.406    0.130000
796     0.001476329     0.001624654     309.335     44.903    224.425     145.291    0.140000
797     0.001473370     0.001527143     309.483     44.302    227.082     145.801    0.130000
798     0.001443204     0.001442938     312.637     46.112    226.180     144.776    0.130000
799     0.001401657     0.001724320     313.393     45.488    229.490     145.612    0.130000
800     0.001540233     0.001499677     314.569     45.820    229.822     144.976    0.140000
801     0.001459546     0.001477282     315.705     45.538    226.017     143.658    0.140000
802     0.001346911     0.001433575     316.102     45.697    234.472     145.644    0.130000
803     0.001711644     0.001497941     318.015     45.898    237.078     145.785    0.130000
804     0.001468652     0.001511822     319.479     45.871    239.562     145.843    0.130000
805     0.001433270     0.001483024     321.192     46.061    241.522     146.130    0.130000
806     0.001537161     0.001496749     321.643     45.601    241.449     145.877    0.130000
807     0.001485690     0.001440819     322.333     45.894    240.948     145.061    0.140000
808     0.001418302     0.001536533     323.709     45.912    241.236     144.973    0.130000
809     0.001413977     0.001562020     327.024     47.050    246.977     146.693    0.130000
810     0.001716926     0.001594094     326.474     45.930    246.660     146.210    0.140000
811     0.001525959     0.001386566     328.927     46.619    249.291     146.337    0.140000
812     0.001526519     0.001487609     329.871     46.732    248.534     146.127    0.130000
813     0.001598568     0.001514519     330.768     46.643    250.364     146.275    0.130000
814     0.001500766     0.001472754     333.174     47.219    248.192     145.747    0.140000
815     0.001478859     0.001570089     332.521     45.868    253.468     146.731    0.120000
816     0.001692401     0.001420272     333.942     45.962    249.705     145.868    0.140000
817     0.001515743     0.001507512     335.941     46.364    252.747     146.429    0.130000
818     0.001562562     0.001499092     336.140     45.699    256.224     147.459    0.130000
819     0.001656481     0.001359790     338.081     46.210    252.653     146.141    0.120000
820     0.001525633     0.001514717     337.250     45.081    254.573     146.454    0.140000
821     0.001631397     0.001436935     339.985     46.306    255.051     146.580    0.130000
822     0.001637279     0.001629178     340.234     45.942    255.733     147.087    0.140000
823     0.001669091     0.001513297     341.076     45.898    255.620     146.730    0.130000
824     0.001602106     0.001441446     341.440     45.724    255.730     146.774    0.130000
825     0.001581977     0.001501654     340.369     45.100    255.174     146.546    0.140000
826     0.001502777     0.001486627     341.210     45.495    257.402     147.292    0.140000
827     0.001688290     0.001493868     341.123     45.098    256.137     147.108    0.130000
828     0.001677380     0.001489884     342.873     46.124    255.363     146.729    0.140000
829     0.001526937     0.001583854     342.118     45.708    259.002     147.686    0.130000
830     0.001856177     0.001456143     341.661     45.601    255.234     146.926    0.140000
831     0.001503053     0.001487018     341.382     44.924    264.161     149.108    0.130000
832     0.002298623     0.001420320     340.606     44.625    257.312     147.657    0.130000
833     0.001688596     0.001481034     339.898     44.193    258.126     147.569    0.140000
834     0.001718092     0.001448649     341.248     44.940    255.169     147.055    0.130000
835     0.001686192     0.001495003     341.250     44.852    257.350     147.660    0.140000
836     0.001749256     0.001470846     340.610     44.620    257.584     147.752    0.130000
837     0.001762873     0.001482293     339.955     44.490    256.479     147.568    0.140000
838     0.001646353     0.001461534     340.387     44.985    255.566     147.642    0.130000
839     0.001749122     0.001498031     339.790     44.643    256.159     147.766    0.140000
840     0.001728503     0.001454105     340.929     45.128    261.358     148.783    0.130000
841     0.002011818     0.001596061     339.800     44.925    262.323     149.283    0.130000
842     0.002196942     0.001488256     340.954     45.638    262.486     149.212    0.130000
843     0.002101706     0.001585725     338.914     44.845    255.401     148.902    0.140000
844     0.002137599     0.001408707     340.641     45.818    262.154     149.620    0.130000
845     0.002583588     0.001616285     336.931     44.058    254.878     149.160    0.130000
846     0.002208108     0.001359565     338.403     44.738    260.990     149.147    0.150000
847     0.002193026     0.001546323     339.031     45.294    255.006     148.031    0.130000
848     0.001692878     0.001628797     338.456     45.476    254.231     147.928    0.130000
849     0.001800070     0.001539393     338.541     45.407    258.119     148.691    0.140000
850     0.002024787     0.001513832     341.657     41.855    259.176     148.868    0.130000
851     0.002109325     0.001284592     337.027     45.319    261.894     149.773    0.130000
852     0.002506009     0.001954487     335.211     44.446    258.801     149.017    0.130000
853     0.002149605     0.001458334     334.615     44.592    260.780     149.628    0.150000
854     0.002572445     0.001543422     335.001     44.863    257.165     148.495    0.130000
855     0.001871043     0.001523689     334.557     44.820    259.359     149.268    0.140000
856     0.002365692     0.001503856     331.598     43.965    256.484     148.627    0.130000
857     0.001962760     0.001435785     331.453     44.057    257.098     148.596    0.130000
858     0.001944848     0.001471407     331.239     44.023    255.215     148.203    0.140000
859     0.001884273     0.001540845     330.445     43.913    256.490     148.873    0.140000
860     0.002234766     0.001492780     333.149     45.139    254.792     148.629    0.130000
861     0.001961843     0.001583996     332.072     45.168    254.286     148.812    0.130000
862     0.002014841     0.001532771     331.173     44.479    253.496     148.438    0.130000
863     0.002013988     0.001421277     335.318     44.506    255.815     149.279    0.130000
864     0.002459308     0.001471957     330.417     44.569    255.139     148.954    0.140000
865     0.002090028     0.001519646     330.096     44.558    251.832     148.305    0.140000
866     0.001806927     0.001521548     331.259     44.574    252.282     148.227    0.140000
867     0.001877283     0.001512109     329.606     44.118    252.172     148.529    0.130000
868     0.002055977     0.001441024     329.218     44.066    252.262     148.438    0.130000
869     0.002022533     0.001492438     331.903     44.958    253.942     149.007    0.140000
870     0.002167984     0.001682341     329.981     44.429    251.995     148.828    0.130000
871     0.002173855     0.001524595     338.581     47.441    252.087     148.953    0.140000
872     0.002167864     0.001927792     330.704     44.418    251.155     148.901    0.130000
873     0.002128573     0.001399618     338.869     47.399    248.528     148.595    0.140000
874     0.002001110     0.001763674     338.934     47.358    250.585     149.298    0.130000
875     0.002295391     0.001409051     337.715     46.846    248.245     148.968    0.130000
876     0.002003209     0.001471036     334.673     44.433    245.528     148.018    0.140000
877     0.001785968     0.001353391     332.128     45.308    245.702     148.592    0.130000
878     0.001978004     0.001487412     333.356     46.163    245.321     148.697    0.130000
879     0.002034110     0.001522580     330.103     44.776    248.134     149.663    0.140000
880     0.002378199     0.001432168     332.415     45.713    246.634     149.373    0.130000
881     0.002221296     0.001573014     332.262     45.800    244.162     148.846    0.140000
882     0.001956770     0.001450990     333.551     46.535    243.311     149.250    0.140000
883     0.002408158     0.001577817     333.825     46.842    242.812     149.219    0.130000
884     0.002257418     0.001516511     334.294     47.070    241.240     149.246    0.130000
885     0.002252572     0.001478387     334.824     47.081    239.495     149.191    0.140000
886     0.002156752     0.001482109     341.479     44.932    240.431     149.357    0.130000
887     0.002243176     0.001403161     334.323     46.905    240.783     149.664    0.140000
888     0.002487543     0.001711941     342.036     44.996    239.569     148.794    0.120000
889     0.002016563     0.001357229     335.736     47.584    237.125     148.226    0.140000
890     0.001904936     0.001788622     341.430     44.347    235.357     148.241    0.130000
891     0.001799299     0.001341042     335.510     47.205    235.571     148.628    0.140000
892     0.001919666     0.001777313     343.704     45.160    234.131     148.557    0.140000
893     0.002043472     0.001522327     343.716     44.909    234.070     148.992    0.130000
894     0.002280967     0.001422968     335.719     46.993    232.612     149.156    0.140000
