fNo.       mw1            mw2        best1.x[0]     best1.theta     best2.x[0]   best2.theta   t/frame
0     0.000000000     0.000000000     311.226     41.148    234.598     151.650    0.920000
1     0.016065724     0.006937945     314.184     42.146    229.387     149.634    0.040000
2     0.004783052     0.003247715     312.837     41.518    227.696     149.548    0.050000
3     0.004640545     0.002795344     314.088     41.671    227.427     149.800    0.040000
4     0.005076030     0.003088757     315.778     42.551    225.828     149.593    0.030000
5     0.004809356     0.002974767     315.131     41.574    227.208     149.849    0.050000
6     0.005117754     0.002962632     316.368     42.231    227.963     149.564    0.050000
7     0.004998116     0.003133586     315.142     41.271    230.591     149.986    0.040000
8     0.005388449     0.002956366     316.106     41.459    230.564     149.973    0.050000
9     0.005625920     0.002986345     314.774     40.760    228.918     149.809    0.030000
10     0.005597840     0.002761615     316.755     41.747    231.702     149.994    0.060000
11     0.005116907     0.003002120     302.399     37.665    263.440     149.956    0.050000
12     0.005248669     0.002917244     302.782     38.243    260.823     149.809    0.030000
13     0.005661103     0.002885695     298.677     40.657    259.319     149.539    0.050000
14     0.005356653     0.003534545     298.073     40.487    261.451     149.878    0.050000
15     0.005127296     0.002893905     297.760     40.546    256.789     149.236    0.050000
16     0.004539278     0.002868499     301.107     38.311    258.533     149.733    0.040000
17     0.004933718     0.002751063     295.787     40.243    256.487     149.606    0.050000
18     0.004716637     0.003355377     295.219     39.805    257.898     149.744    0.050000
19     0.004855098     0.002921138     296.828     40.437    257.531     149.874    0.040000
20     0.005397359     0.003023611     297.744     40.603    253.257     149.633    0.050000
21     0.004969535     0.003095403     299.746     41.108    250.552     149.290    0.050000
22     0.004479766     0.003091414     300.012     41.185    250.539     149.810    0.040000
23     0.005009319     0.003130266     299.143     40.471    249.590     149.931    0.050000
24     0.005246032     0.002946869     304.074     38.055    248.254     149.913    0.040000
25     0.005213350     0.002660771     304.209     37.749    245.662     149.936    0.040000
26     0.005116124     0.002804880     301.101     40.203    242.946     149.967    0.040000
27     0.004783569     0.003534119     302.258     40.007    243.038     149.769    0.050000
28     0.004936135     0.003003686     304.282     40.604    239.509     149.651    0.030000
29     0.004567534     0.003194056     307.022     41.204    239.338     149.889    0.050000
30     0.005115130     0.003112162     310.238     38.173    235.577     149.768    0.040000
31     0.005434786     0.002547400     307.362     40.884    231.413     149.234    0.040000
32     0.004438892     0.003881243     314.565     39.140    233.649     149.982    0.050000
33     0.005463022     0.003056799     310.087     41.432    224.610     149.560    0.040000
34     0.004514147     0.003272019     309.848     41.181    228.393     149.326    0.040000
35     0.004446433     0.003046644     309.195     40.827    227.238     149.625    0.040000
36     0.004591308     0.002778526     311.144     41.165    229.219     149.857    0.050000
37     0.005417052     0.002995847     311.737     41.623    231.287     149.960    0.030000
38     0.005727466     0.003098829     312.717     41.481    228.838     149.914    0.050000
39     0.005124749     0.002795597     312.483     41.030    225.829     149.080    0.040000
40     0.004329087     0.002922417     317.455     38.902    226.094     149.457    0.030000
41     0.004338454     0.002770881     318.949     38.981    226.343     149.759    0.060000
42     0.004488892     0.003180922     320.475     39.332    231.326     149.952    0.030000
43     0.005159673     0.003164242     316.215     42.274    230.284     149.951    0.050000
44     0.004546804     0.003678171     316.812     42.254    229.389     149.905    0.050000
45     0.005564076     0.002978395     316.312     41.756    229.994     149.955    0.040000
46     0.005820875     0.002809362     315.893     41.389    227.635     149.090    0.040000
47     0.004447747     0.002962048     316.383     41.500    229.797     149.869    0.040000
48     0.005341916     0.002914013     317.681     41.844    232.498     149.756    0.040000
49     0.005339860     0.003150270     317.347     41.315    226.537     149.134    0.050000
50     0.004327146     0.002921614     318.588     41.710    232.465     149.654    0.040000
51     0.005173801     0.003182395     319.836     41.850    231.195     148.895    0.040000
52     0.004211425     0.003182391     320.998     42.067    231.062     149.885    0.040000
53     0.004956684     0.002940046     322.450     41.901    234.036     149.903    0.050000
54     0.005373922     0.002902096     323.174     41.975    232.290     149.434    0.040000
55     0.005052441     0.003073451     322.222     41.245    236.622     149.654    0.040000
56     0.005294012     0.002733708     321.434     40.636    230.246     149.397    0.040000
57     0.004467042     0.002788107     323.561     41.257    235.067     149.509    0.060000
58     0.004422538     0.003268383     324.692     41.352    236.108     149.802    0.030000
59     0.004917165     0.003238482     325.504     40.904    239.084     149.906    0.050000
60     0.004866503     0.002947310     326.711     40.924    242.003     149.942    0.040000
61     0.005721739     0.002917933     325.189     39.950    237.894     149.963    0.040000
62     0.004816144     0.002890562     326.165     40.019    244.441     149.869    0.040000
63     0.005563330     0.002852658     326.789     39.854    247.270     149.985    0.040000
64     0.005330784     0.002898780     328.854     40.214    239.537     149.972    0.050000
65     0.005299299     0.003001122     329.427     39.587    249.304     149.818    0.050000
66     0.004906649     0.002994278     327.608     38.779    243.112     149.793    0.040000
67     0.005264503     0.002919218     328.077     38.167    252.092     149.886    0.050000
68     0.004929789     0.003206698     328.382     37.757    252.557     149.535    0.050000
69     0.004627226     0.002941228     328.388     37.744    254.774     149.970    0.040000
70     0.005515210     0.003005449     330.564     37.925    257.631     149.706    0.040000
71     0.005396515     0.002891795     331.731     38.008    257.988     149.394    0.050000
72     0.004913269     0.002987632     332.934     37.988    258.341     149.049    0.040000
73     0.004202887     0.003083220     331.731     37.361    255.302     149.961    0.040000
74     0.005399536     0.003006882     332.754     37.220    255.544     149.841    0.050000
75     0.005251744     0.003013118     332.762     37.033    257.450     149.700    0.040000
76     0.005055963     0.002769482     335.944     37.862    257.417     149.485    0.050000
77     0.004726782     0.003277856     335.313     37.722    258.887     149.397    0.030000
78     0.004769559     0.003155111     333.421     36.569    261.294     149.789    0.050000
79     0.005392491     0.002712302     340.467     38.511    263.829     149.928    0.040000
80     0.005322544     0.003258656     335.911     37.093    261.773     148.866    0.050000
81     0.003950787     0.002772863     342.474     38.470    265.907     149.661    0.040000
82     0.004623498     0.003331713     334.883     35.874    265.898     149.527    0.050000
83     0.004761178     0.002864124     338.010     36.994    264.618     148.992    0.040000
84     0.004326902     0.003206344     338.252     36.511    265.245     148.818    0.040000
85     0.004388622     0.002892672     339.095     36.664    265.836     148.829    0.040000
86     0.004087841     0.003000571     339.687     36.805    269.797     149.812    0.040000
87     0.005164409     0.003028607     338.704     36.345    274.178     149.077    0.040000
88     0.004285294     0.002742892     337.783     35.832    267.064     148.845    0.040000
89     0.004028776     0.002970044     338.936     35.998    267.982     148.680    0.050000
90     0.003604067     0.002951177     336.962     35.679    267.497     148.640    0.040000
91     0.003934446     0.002993314     337.884     35.501    265.817     148.181    0.040000
92     0.003913269     0.003146555     339.337     35.877    268.640     148.730    0.050000
93     0.004136758     0.002913543     340.450     36.034    268.737     148.630    0.030000
94     0.004175021     0.003010093     342.066     33.233    264.987     147.434    0.040000
95     0.003386372     0.003295444     342.452     36.592    266.558     147.731    0.040000
96     0.003579740     0.003661087     342.430     36.652    266.438     147.523    0.050000
97     0.003455017     0.002931372     341.445     33.148    264.745     147.277    0.040000
98     0.003041845     0.003055949     343.075     33.584    266.516     147.328    0.040000
99     0.003252035     0.003455529     342.033     33.298    263.134     146.483    0.040000
100     0.003002689     0.003187949     341.647     33.188    267.657     147.428    0.050000
101     0.003346551     0.003255977     341.746     34.982    263.531     146.178    0.040000
102     0.002921949     0.003306988     343.671     36.522    263.257     146.046    0.050000
103     0.002911877     0.003128750     343.307     35.760    261.029     145.192    0.040000
104     0.002896460     0.002968762     343.174     36.185    262.258     145.674    0.040000
105     0.003050426     0.002836786     340.879     34.527    263.925     146.022    0.060000
106     0.003107571     0.003010468     341.659     34.774    260.826     145.327    0.040000
107     0.002771747     0.003270030     343.693     33.452    260.854     144.988    0.050000
108     0.002865552     0.003021126     343.957     35.483    268.577     146.289    0.040000
109     0.003042396     0.003438467     342.492     36.250    254.796     142.440    0.040000
110     0.002584483     0.003037645     342.559     34.720    267.595     146.123    0.050000
111     0.003666770     0.003069920     342.837     33.017    252.171     141.815    0.040000
112     0.002735589     0.003069900     342.298     34.014    266.877     145.732    0.050000
113     0.003752670     0.003190372     342.340     33.812    250.353     141.539    0.040000
114     0.002605248     0.003072888     342.443     35.714    260.445     143.867    0.040000
115     0.003355920     0.003452295     343.836     32.765    262.993     144.845    0.050000
116     0.002985368     0.003596228     342.605     33.692    247.307     139.605    0.050000
117     0.002747127     0.003363948     343.331     35.290    237.605     136.069    0.040000
118     0.002772353     0.003243998     341.618     32.013    235.086     135.692    0.050000
119     0.002592433     0.003638458     343.989     33.245    226.079     132.673    0.040000
120     0.002678983     0.003430993     343.293     35.094    227.931     134.204    0.040000
121     0.003018311     0.003375616     343.503     32.365    221.230     132.392    0.050000
122     0.002753287     0.003381446     343.870     32.328    216.970     131.702    0.040000
123     0.002782816     0.003709916     341.620     31.766    223.014     135.062    0.050000
124     0.003475769     0.004380449     342.954     32.010    217.859     133.856    0.040000
125     0.002643463     0.003431874     343.035     31.597    215.631     134.172    0.040000
126     0.002785187     0.004261491     343.415     32.181    213.689     135.189    0.040000
127     0.003087962     0.004010142     343.773     31.554    218.637     138.762    0.050000
128     0.003431655     0.003986577     343.948     31.301    227.928     141.550    0.050000
129     0.003570538     0.004115414     343.768     31.418    245.788     148.524    0.040000
130     0.007525499     0.004059817     343.892     31.303    239.573     149.648    0.050000
131     0.005414494     0.004185325     343.702     30.727    246.845     149.737    0.040000
132     0.005187095     0.005053896     343.173     30.830    256.190     149.892    0.040000
133     0.005134595     0.004237260     343.208     30.133    251.525     149.889    0.050000
134     0.004834131     0.005385255     343.546     30.262    256.541     149.955    0.030000
135     0.004884795     0.005091602     343.272     30.519    251.514     149.917    0.050000
136     0.005095118     0.004444218     343.154     30.529    254.073     149.915    0.050000
137     0.005530683     0.004885870     343.658     30.514    252.434     149.958    0.040000
138     0.005560348     0.005122588     342.111     30.230    266.073     149.911    0.040000
139     0.005577997     0.005348504     343.798     30.172    263.744     149.892    0.060000
140     0.005687645     0.004835180     343.819     31.824    261.884     149.730    0.050000
141     0.004998377     0.003716917     343.248     30.005    253.022     149.966    0.040000
142     0.005020957     0.005442836     342.393     30.654    262.379     149.843    0.050000
143     0.005245790     0.004792859     343.355     30.187    262.724     149.968    0.040000
144     0.005151304     0.005981672     343.100     30.329    263.753     149.698    0.050000
145     0.004593001     0.005619209     342.930     30.149    260.251     149.897    0.040000
146     0.005324236     0.004903853     341.589     30.081    264.414     149.765    0.050000
147     0.004845577     0.005446725     343.764     30.064    261.942     149.992    0.040000
148     0.005631934     0.005515278     342.274     30.381    265.242     149.846    0.040000
149     0.006114726     0.005268097     343.722     30.268    264.181     149.815    0.060000
150     0.005131233     0.005056523     343.701     30.920    271.642     149.960    0.040000
151     0.005025224     0.004158307     343.080     30.441    265.163     149.671    0.050000
152     0.004596843     0.004750443     343.124     30.677    263.679     149.734    0.050000
153     0.004622456     0.005133161     343.917     30.243    262.274     149.571    0.040000
154     0.005142860     0.005032806     343.684     30.016    269.815     149.213    0.050000
155     0.004686457     0.005639495     343.663     30.324    270.544     149.551    0.050000
156     0.005194632     0.006045127     343.203     31.844    272.603     149.664    0.040000
157     0.004937645     0.003866062     342.713     30.351    276.420     149.978    0.040000
158     0.005376985     0.004753753     342.977     30.023    269.634     149.651    0.050000
159     0.004685652     0.006059926     343.168     30.184    269.822     149.823    0.050000
160     0.005487966     0.005334682     342.797     30.052    267.845     149.370    0.040000
161     0.004384547     0.005823269     342.311     30.646    270.052     149.749    0.040000
162     0.004744657     0.004780706     342.351     31.010    268.151     149.678    0.050000
163     0.005410338     0.004358959     342.607     30.992    278.325     149.656    0.050000
164     0.004579018     0.004915220     342.479     30.549    278.331     149.910    0.050000
165     0.005515788     0.004783272     343.723     31.822    278.546     149.937    0.040000
166     0.005079171     0.004233787     342.336     30.164    277.987     149.999    0.050000
167     0.005152548     0.005217282     342.424     30.569    284.857     149.649    0.040000
168     0.004631284     0.004919203     343.567     31.211    279.305     149.744    0.040000
169     0.005470706     0.004313342     342.296     30.950    274.303     149.956    0.040000
170     0.005787265     0.004394134     343.262     32.747    273.139     149.938    0.050000
171     0.005104430     0.003559806     343.478     31.558    281.055     149.614    0.050000
172     0.004843268     0.004065896     343.192     31.816    281.021     149.370    0.040000
173     0.004371066     0.003653594     343.688     32.068    280.057     149.617    0.050000
174     0.004885493     0.003454608     343.631     32.492    280.137     149.884    0.040000
175     0.005585952     0.003620066     341.782     32.087    279.344     149.791    0.050000
176     0.005087104     0.003808034     342.106     32.424    277.576     149.670    0.040000
177     0.004655049     0.003623970     341.375     32.382    278.613     149.974    0.040000
178     0.005641717     0.003540696     340.668     32.320    277.816     149.616    0.050000
179     0.005046730     0.003288362     341.316     34.132    277.292     149.612    0.050000
180     0.004820746     0.003276748     341.342     32.965    276.308     149.845    0.040000
181     0.004988357     0.003253966     340.433     32.735    274.979     149.452    0.040000
182     0.004754791     0.003156414     339.033     32.244    275.944     149.765    0.050000
183     0.005062705     0.003632834     341.538     33.342    279.156     149.892    0.050000
184     0.005870484     0.003446476     339.908     32.860    279.759     149.910    0.050000
185     0.005058785     0.003502263     337.434     32.611    274.252     149.879    0.040000
186     0.004831579     0.003483277     336.049     32.376    278.236     149.691    0.050000
187     0.004950901     0.003855751     334.642     32.088    279.338     149.903    0.050000
188     0.005238148     0.003577145     336.367     32.595    277.174     149.372    0.040000
189     0.004577314     0.003536124     335.728     32.503    277.951     149.216    0.040000
190     0.004214449     0.003480021     336.416     32.837    272.751     149.832    0.050000
191     0.005594877     0.003223981     335.280     33.144    278.737     149.404    0.040000
192     0.004594999     0.003283325     334.019     32.700    272.941     149.627    0.060000
193     0.005110689     0.003415141     335.108     33.040    273.665     149.812    0.030000
194     0.004627169     0.003309866     332.825     32.227    271.890     149.303    0.050000
195     0.004217417     0.003304781     331.579     32.277    277.209     148.571    0.040000
196     0.003680076     0.003626763     331.027     31.980    270.786     148.773    0.050000
197     0.003829828     0.003962620     333.022     32.947    269.976     148.508    0.050000
198     0.003677349     0.003390321     333.441     33.076    269.523     148.330    0.040000
199     0.003280895     0.003338470     333.621     33.176    272.114     149.433    0.040000
200     0.004968294     0.003010652     337.136     34.382    274.306     149.799    0.050000
201     0.004652609     0.003221640     337.550     34.338    271.120     149.204    0.060000
202     0.004062262     0.003111947     337.364     34.340    271.711     149.325    0.040000
203     0.004282840     0.002957028     331.582     32.528    272.355     149.642    0.040000
204     0.004633389     0.003561765     331.686     34.230    271.258     149.289    0.050000
205     0.004881197     0.003285292     337.218     34.596    272.860     149.454    0.050000
206     0.004736857     0.002981896     336.740     34.107    272.140     149.721    0.030000
207     0.004713725     0.003231166     332.099     34.520    270.412     147.468    0.050000
208     0.003328967     0.003148391     332.393     34.645    270.186     149.026    0.050000
209     0.004309676     0.003072827     334.119     33.746    268.172     147.014    0.040000
210     0.003182749     0.003093386     334.613     33.938    270.216     149.280    0.050000
211     0.004659666     0.003368390     330.408     32.565    267.022     148.696    0.050000
212     0.003811983     0.003555581     335.323     34.119    268.533     149.108    0.040000
213     0.004704874     0.003245562     331.063     34.378    266.796     147.185    0.040000
214     0.003055651     0.003090959     335.412     34.348    267.427     147.456    0.050000
215     0.003615433     0.003176658     329.760     34.241    266.180     147.174    0.050000
216     0.003353903     0.003093488     328.630     32.249    265.706     147.360    0.050000
217     0.003317200     0.003578269     332.759     33.698    267.388     147.904    0.050000
218     0.003467569     0.003175249     332.660     33.604    264.542     147.290    0.040000
219     0.003173278     0.003291377     327.264     33.647    269.458     148.663    0.050000
220     0.004166390     0.003058300     328.368     34.071    263.800     147.536    0.040000
221     0.003187643     0.003128780     326.851     32.301    263.414     147.343    0.050000
222     0.003486044     0.003589950     325.432     31.954    269.052     149.227    0.040000
223     0.004519240     0.003860763     326.530     32.258    258.467     148.035    0.040000
224     0.003642656     0.003717221     325.325     32.303    256.966     147.753    0.050000
225     0.003408755     0.003787946     325.540     32.428    256.475     147.788    0.060000
226     0.003408315     0.003938770     323.628     32.225    260.604     147.588    0.040000
227     0.003351310     0.003677925     323.294     32.229    259.979     147.748    0.050000
228     0.003365634     0.003548300     322.941     32.368    254.922     148.395    0.050000
229     0.003692386     0.003572646     322.184     32.153    256.221     147.181    0.040000
230     0.003207810     0.003490074     324.621     33.542    252.909     147.935    0.050000
231     0.004047906     0.003293533     324.991     33.715    258.448     148.057    0.040000
232     0.003603776     0.003300923     322.206     33.200    257.163     148.120    0.050000
233     0.003605025     0.003590162     322.945     33.606    252.235     148.521    0.050000
234     0.003902975     0.003314008     322.302     33.679    256.521     147.831    0.050000
235     0.003585808     0.003649561     321.560     33.962    254.286     149.157    0.050000
236     0.004631345     0.003136628     322.361     34.427    256.481     148.664    0.030000
237     0.003880017     0.003270690     319.801     33.791    255.197     148.110    0.050000
238     0.003544303     0.003242671     325.485     34.301    249.335     148.146    0.050000
239     0.003962525     0.003125147     317.907     34.007    253.701     148.023    0.050000
240     0.003761107     0.003142538     320.340     34.950    251.170     148.614    0.040000
241     0.004066966     0.003231178     320.851     35.104    249.894     148.568    0.050000
242     0.003859300     0.003292788     323.029     36.154    254.668     148.408    0.040000
243     0.003812587     0.003210567     322.525     36.288    251.854     149.298    0.040000
244     0.004676534     0.003088648     322.306     36.338    253.740     148.332    0.050000
245     0.004063385     0.003149813     321.492     37.816    254.575     148.432    0.050000
246     0.003806906     0.003238602     321.600     36.364    254.409     148.877    0.040000
247     0.004267356     0.002946079     319.847     37.352    257.625     149.537    0.050000
248     0.005221794     0.003342683     320.136     36.270    248.761     149.050    0.040000
249     0.004514930     0.003080301     320.968     36.630    249.272     147.384    0.050000
250     0.003085963     0.003037131     317.018     35.180    249.805     149.226    0.050000
251     0.004487414     0.003036141     319.437     36.007    255.504     149.536    0.050000
252     0.004378581     0.003213554     318.700     36.036    253.375     148.622    0.040000
253     0.003745252     0.003059204     319.750     36.298    247.835     149.009    0.040000
254     0.004004654     0.002984593     320.789     38.200    249.798     149.827    0.050000
255     0.005328251     0.003176972     319.077     37.476    254.587     149.960    0.050000
256     0.005346871     0.002805164     318.695     35.792    249.130     149.977    0.050000
257     0.005515983     0.002755495     317.146     36.777    245.096     149.347    0.040000
258     0.004505967     0.003156469     319.241     35.741    245.071     149.379    0.050000
259     0.004800286     0.002729104     319.812     35.786    245.701     149.884    0.040000
260     0.005428687     0.003046379     318.589     35.113    244.382     147.851    0.050000
261     0.003466987     0.002970919     320.109     35.570    245.295     148.601    0.040000
262     0.003889086     0.003048924     320.035     35.038    244.176     149.004    0.050000
263     0.004123324     0.003055583     314.586     32.468    243.752     149.994    0.050000
264     0.005433511     0.003334448     323.466     37.323    242.816     148.482    0.040000
265     0.004005556     0.004042048     323.413     36.920    240.557     149.699    0.040000
266     0.005337963     0.003169216     317.185     32.916    239.873     149.685    0.050000
267     0.005305314     0.003165836     317.571     32.792    242.431     148.819    0.050000
268     0.003957615     0.003163001     317.298     32.273    245.395     148.942    0.040000
269     0.004447267     0.003590296     318.092     32.666    238.489     148.201    0.040000
270     0.003622407     0.003412940     321.244     33.661    240.552     149.106    0.060000
271     0.004771263     0.003316860     319.789     32.989    239.053     149.017    0.050000
272     0.004594660     0.003183821     321.117     33.502    240.183     149.383    0.040000
273     0.004777822     0.003278029     320.637     33.513    239.714     149.616    0.040000
274     0.004835425     0.003311750     327.131     36.316    242.188     149.271    0.060000
275     0.004447963     0.003552914     321.718     35.927    235.569     148.731    0.040000
276     0.004054848     0.003207030     322.888     36.154    245.040     149.983    0.050000
277     0.005402934     0.003235847     322.538     36.117    237.191     149.410    0.040000
278     0.004519366     0.003072462     323.253     36.427    242.826     149.540    0.050000
279     0.004941943     0.002918493     324.663     36.857    237.464     149.261    0.050000
280     0.004290821     0.002985929     323.696     36.732    244.465     149.865    0.040000
281     0.005164953     0.003029006     323.902     36.578    237.593     149.584    0.050000
282     0.005288915     0.003168994     326.723     37.529    236.894     149.169    0.040000
283     0.004283935     0.003112992     324.282     36.789    238.682     149.633    0.050000
284     0.004572261     0.002929247     323.839     36.840    241.727     149.095    0.060000
285     0.004372381     0.003016535     326.740     37.800    236.366     149.284    0.040000
286     0.004344008     0.002966515     322.946     36.462    242.381     149.249    0.050000
287     0.004415380     0.002740741     326.561     37.885    242.318     149.649    0.050000
288     0.005040404     0.003449003     326.115     37.618    240.949     149.096    0.030000
289     0.004502266     0.002995796     326.153     37.622    236.132     149.065    0.050000
290     0.004322300     0.003072314     327.780     38.299    241.605     149.159    0.050000
291     0.004334268     0.003276418     326.171     37.349    244.577     149.597    0.040000
292     0.005501160     0.002912381     326.149     37.334    242.652     148.997    0.040000
293     0.004501123     0.002977451     324.784     36.591    245.515     149.755    0.050000
294     0.005568816     0.002797691     328.223     37.395    245.670     149.944    0.050000
295     0.005386786     0.003023640     324.958     35.289    244.015     149.041    0.050000
296     0.004382849     0.002827963     329.490     36.882    241.391     149.779    0.050000
297     0.004879732     0.003254680     328.291     36.416    238.465     149.983    0.040000
298     0.004713244     0.003123249     332.455     37.417    237.702     149.916    0.050000
299     0.005508148     0.003327013     335.731     37.136    237.274     148.346    0.050000
300     0.003527467     0.002961998     334.990     36.635    244.162     149.908    0.040000
301     0.005377573     0.002932607     336.164     36.580    234.335     148.856    0.040000
302     0.004061720     0.003023174     334.892     35.976    241.573     149.889    0.050000
303     0.004882072     0.002953464     332.468     35.150    240.250     149.930    0.050000
304     0.006090103     0.003208054     332.540     34.694    238.586     149.393    0.040000
305     0.004396425     0.003104859     333.741     35.250    234.778     148.644    0.060000
306     0.004056091     0.003034089     334.006     35.371    235.177     148.730    0.040000
307     0.004338457     0.003162709     334.475     35.297    236.233     149.994    0.050000
308     0.005705335     0.003161769     333.379     35.247    235.615     149.116    0.050000
309     0.003967678     0.002961337     333.799     35.218    235.480     149.353    0.040000
310     0.004294172     0.002767103     333.223     32.897    236.035     149.727    0.030000
311     0.004990986     0.003243075     333.148     34.945    236.882     149.260    0.050000
312     0.004657022     0.003497667     339.150     36.573    237.492     149.834    0.050000
313     0.005202731     0.003230818     331.774     32.962    237.243     149.749    0.040000
314     0.005705889     0.003400437     333.230     33.459    238.896     149.972    0.040000
315     0.005568034     0.003307683     332.626     34.034    238.818     148.763    0.050000
316     0.003998038     0.003186133     331.183     33.616    238.299     148.984    0.040000
317     0.004227222     0.003334869     332.908     34.250    238.045     148.469    0.050000
318     0.003707420     0.003081184     333.450     34.653    247.589     149.977    0.050000
319     0.005369710     0.003165282     330.769     35.786    246.571     149.846    0.040000
320     0.005094523     0.003048486     335.725     33.757    246.185     149.656    0.050000
321     0.004839862     0.003088413     331.902     34.250    246.723     149.783    0.040000
322     0.005310964     0.003219854     330.672     36.166    241.097     149.365    0.050000
323     0.004809643     0.003423553     332.325     36.593    240.890     149.837    0.050000
324     0.004962329     0.002954991     330.493     36.324    241.193     149.770    0.050000
325     0.005073362     0.003121311     330.036     36.425    240.953     149.760    0.050000
326     0.004912282     0.002929020     331.347     36.743    248.001     149.978    0.030000
327     0.005148671     0.002990576     329.678     33.420    241.566     149.687    0.060000
328     0.005063315     0.003095438     330.271     36.773    241.744     149.391    0.040000
329     0.004547848     0.003425763     331.083     36.813    241.008     149.784    0.050000
330     0.005349600     0.002969076     332.396     37.514    245.746     149.549    0.050000
331     0.004597462     0.003039469     332.119     37.285    242.384     149.808    0.040000
332     0.005068576     0.003065219     330.168     36.305    245.035     149.838    0.050000
333     0.005333406     0.002856395     331.832     36.933    239.264     149.846    0.050000
334     0.005323680     0.002923210     331.547     36.936    239.644     149.573    0.040000
335     0.005145602     0.002894125     330.258     36.168    237.808     149.293    0.050000
336     0.004716079     0.002718941     331.858     36.453    237.952     149.456    0.040000
337     0.005226587     0.003165403     333.057     36.600    237.446     148.276    0.050000
338     0.003551984     0.003124263     332.569     36.125    237.872     149.836    0.050000
339     0.004955329     0.003060012     331.045     33.200    235.382     149.560    0.040000
340     0.004959721     0.002943198     332.876     35.811    243.070     149.757    0.050000
341     0.005032763     0.003398828     338.452     35.938    235.595     149.454    0.050000
342     0.004592773     0.003016656     333.540     35.705    240.194     148.908    0.050000
343     0.004441460     0.002856604     333.524     35.545    236.142     148.557    0.040000
344     0.003945617     0.003178764     335.300     35.949    234.896     149.297    0.040000
345     0.004640571     0.003152618     334.985     35.729    240.011     149.930    0.050000
346     0.005257709     0.003170331     334.054     35.484    237.209     149.463    0.050000
347     0.004608722     0.003070468     335.471     35.897    236.293     149.807    0.040000
348     0.004734725     0.003041341     341.277     37.758    234.129     149.876    0.050000
349     0.004728612     0.003512932     334.064     35.554    238.676     149.912    0.040000
350     0.005388019     0.002883632     339.913     37.487    241.812     149.950    0.050000
351     0.005134403     0.003203594     333.673     35.593    233.606     149.820    0.040000
352     0.005417855     0.002831121     332.191     35.057    241.051     149.972    0.050000
353     0.005188290     0.003054351     332.929     35.584    237.659     149.531    0.050000
354     0.004387389     0.003257091     331.434     35.421    243.622     149.968    0.040000
355     0.005595686     0.002969377     330.704     35.300    237.193     149.998    0.060000
356     0.005659294     0.002951873     330.553     35.302    239.374     149.764    0.050000
357     0.005180505     0.002956591     335.888     35.956    246.039     149.724    0.040000
358     0.005341834     0.002940865     329.455     35.764    246.237     149.898    0.040000
359     0.005013202     0.003254215     329.542     33.364    242.962     149.121    0.040000
360     0.004124368     0.002958497     330.193     36.257    244.292     149.448    0.060000
361     0.004968469     0.003541796     330.469     36.576    245.032     149.960    0.040000
362     0.005589282     0.003175401     330.060     36.363    248.664     149.827    0.050000
363     0.005150653     0.002954760     328.095     36.131    243.267     149.168    0.050000
364     0.004353352     0.003139704     329.389     36.552    247.527     149.870    0.040000
365     0.005375406     0.003074743     327.950     35.947    242.488     148.799    0.050000
366     0.004166282     0.003003710     327.767     35.513    248.001     149.883    0.050000
367     0.005636967     0.002971156     328.997     35.893    246.179     149.603    0.050000
368     0.004896485     0.002908427     329.904     36.034    242.669     149.275    0.040000
369     0.004272172     0.002993014     335.320     33.882    246.827     149.704    0.050000
370     0.005271118     0.003157035     328.605     35.986    243.981     149.509    0.050000
371     0.004666633     0.003475497     329.965     36.190    246.032     149.448    0.050000
372     0.004939241     0.003081325     329.481     37.053    245.890     149.541    0.040000
373     0.004599443     0.002890922     327.217     36.116    245.537     149.937    0.050000
374     0.006118399     0.002797072     328.449     37.053    242.646     149.309    0.040000
375     0.004500752     0.003373279     333.136     35.010    244.670     149.722    0.050000
376     0.005059584     0.002835330     331.480     34.889    243.943     149.776    0.050000
377     0.004955017     0.002998585     328.478     37.703    243.062     149.671    0.050000
378     0.005006743     0.003951475     328.550     37.530    245.752     149.876    0.050000
379     0.005116717     0.002872911     328.294     37.520    244.838     149.719    0.050000
380     0.005062142     0.003113456     327.654     36.893    244.748     149.675    0.040000
381     0.004896929     0.003144643     328.242     37.179    245.169     149.788    0.050000
382     0.004809087     0.003029333     328.381     37.064    243.296     149.792    0.040000
383     0.004745361     0.003010846     329.232     37.251    244.799     149.749    0.050000
384     0.005487429     0.002870705     330.107     37.683    241.869     149.464    0.040000
385     0.004497252     0.003063766     331.006     38.018    245.099     149.606    0.050000
386     0.004795579     0.002871643     331.481     37.972    242.941     149.911    0.050000
387     0.005261531     0.003242515     332.369     38.457    246.044     149.687    0.050000
388     0.004638969     0.003095371     328.491     37.130    247.793     149.863    0.050000
389     0.005250487     0.002801622     327.287     36.710    244.536     149.962    0.040000
390     0.005048501     0.002986389     328.961     37.640    239.874     149.962    0.050000
391     0.005243048     0.003187644     329.213     37.616    246.506     149.928    0.050000
392     0.005314721     0.003045612     329.743     37.847    244.863     149.977    0.050000
393     0.005377467     0.002975638     330.111     37.933    245.081     149.808    0.050000
394     0.005021980     0.003037357     335.506     36.161    245.513     149.707    0.040000
395     0.004936557     0.002806656     331.969     38.734    245.921     148.984    0.040000
396     0.004210631     0.003418391     328.859     37.887    247.999     149.999    0.050000
397     0.005330561     0.002812836     331.878     39.072    247.392     149.797    0.050000
398     0.005259123     0.003221777     333.204     38.952    240.914     149.987    0.040000
399     0.005633784     0.002945406     332.181     38.840    247.082     149.624    0.050000
400     0.004909494     0.002956966     333.820     39.702    243.890     149.532    0.050000
401     0.005067884     0.003139503     333.424     39.161    247.729     149.945    0.050000
402     0.005027146     0.002982857     334.495     39.905    246.441     149.611    0.040000
403     0.004684053     0.003146731     333.496     38.919    250.051     149.989    0.050000
404     0.005268601     0.002793355     336.218     40.013    247.232     149.838    0.050000
405     0.005072943     0.003192867     334.530     38.967    246.107     149.852    0.050000
406     0.004907742     0.002898914     332.703     38.128    246.786     149.940    0.040000
407     0.005692602     0.002886303     336.007     39.070    247.576     149.996    0.050000
408     0.005508409     0.003088828     336.445     39.645    246.485     149.816    0.030000
409     0.005291493     0.003051382     337.064     39.437    247.064     149.882    0.050000
410     0.004876110     0.002982705     338.242     40.215    247.751     149.895    0.050000
411     0.005789110     0.002871486     336.053     39.280    245.146     149.871    0.050000
412     0.005195386     0.002784144     336.363     39.508    248.868     149.988    0.050000
413     0.005048006     0.002932411     335.542     38.704    244.056     149.334    0.040000
414     0.004698700     0.002890215     339.736     40.140    241.694     149.477    0.040000
415     0.004565259     0.003083200     337.442     39.019    244.617     149.645    0.050000
416     0.004657934     0.002776451     340.694     40.115    246.383     149.968    0.050000
417     0.005719514     0.003258600     337.701     38.872    242.174     149.922    0.040000
418     0.005368901     0.002926368     341.048     39.984    244.481     149.616    0.050000
419     0.004864963     0.003439135     339.830     39.212    246.518     149.819    0.040000
420     0.005161580     0.002803520     338.823     39.178    244.390     149.969    0.050000
421     0.005503573     0.003006731     339.261     38.935    240.108     149.859    0.050000
422     0.005120650     0.002946887     339.686     39.349    238.155     149.857    0.050000
423     0.005054380     0.003135219     339.204     39.178    238.653     149.478    0.040000
424     0.004831481     0.003096184     338.341     38.842    239.573     149.905    0.050000
425     0.004656376     0.003077272     339.229     39.029    236.071     149.811    0.050000
426     0.005180000     0.003229261     338.583     39.033    233.663     149.199    0.040000
427     0.004347720     0.003032691     337.859     38.728    237.264     149.939    0.040000
428     0.005623092     0.002944901     343.889     36.896    237.873     149.241    0.050000
429     0.004435624     0.002828347     338.679     39.454    229.360     149.354    0.050000
430     0.004607322     0.003484499     338.538     39.545    231.344     149.429    0.050000
431     0.004598762     0.003050078     338.169     39.507    236.361     149.825    0.040000
432     0.005419982     0.002928970     343.649     37.235    229.891     149.430    0.050000
433     0.004875320     0.002699657     337.174     39.701    235.281     149.656    0.050000
434     0.004780313     0.003387048     337.670     39.979    235.222     149.611    0.050000
435     0.005107806     0.003154187     336.948     39.780    232.903     149.962    0.040000
436     0.005584507     0.002885475     337.025     40.494    235.328     149.990    0.050000
437     0.005383437     0.003037124     340.977     37.384    236.100     149.560    0.040000
438     0.004518632     0.002545584     337.711     41.294    230.766     149.926    0.050000
439     0.005721944     0.003823111     335.113     40.318    234.842     149.753    0.040000
440     0.005128635     0.002932725     335.191     40.555    234.911     149.873    0.050000
441     0.005237977     0.002968583     336.836     41.477    231.817     149.917    0.050000
442     0.005343721     0.003070432     335.104     41.052    229.898     149.773    0.050000
443     0.005348240     0.002787865     335.339     41.014    236.537     149.797    0.040000
444     0.005312648     0.003006997     343.273     39.385    229.021     149.546    0.050000
445     0.004746236     0.002765743     340.699     41.766    224.649     149.241    0.050000
446     0.004394865     0.003538711     341.539     39.112    223.844     149.109    0.040000
447     0.004362636     0.002635449     343.998     41.113    223.272     149.935    0.040000
448     0.005290742     0.003331747     343.049     40.614    225.253     149.692    0.050000
449     0.004988107     0.002909687     343.783     41.540    227.524     149.504    0.040000
450     0.004791385     0.003118099     342.639     41.478    229.918     149.734    0.060000
451     0.005325541     0.003114593     338.730     39.976    227.093     149.504    0.040000
452     0.005392836     0.002811874     342.945     41.378    225.835     149.421    0.040000
453     0.004640978     0.003402225     342.031     41.452    225.444     149.967    0.060000
454     0.004733027     0.003085979     342.862     45.974    222.676     149.884    0.040000
455     0.005175353     0.004545231     340.776     41.338    218.985     149.285    0.050000
456     0.004446761     0.002514313     339.169     41.133    218.042     149.398    0.040000
457     0.004963960     0.002952763     338.826     40.872    225.650     149.072    0.050000
458     0.004155898     0.002914268     339.352     41.567    222.958     148.892    0.050000
459     0.004683235     0.003197545     333.506     39.736    222.436     149.150    0.040000
460     0.004146732     0.002739432     339.858     42.078    219.379     149.106    0.050000
461     0.004386885     0.003596707     343.199     44.226    217.071     149.443    0.050000
462     0.004050295     0.003750964     342.996     43.966    219.464     149.869    0.050000
463     0.005720263     0.002759885     343.936     50.985    217.303     149.375    0.050000
464     0.004496073     0.006910264     343.273     49.948    213.796     149.436    0.040000
465     0.004649513     0.002857373     341.906     49.597    223.050     149.841    0.040000
466     0.005202007     0.003010669     342.647     50.170    220.909     149.936    0.060000
467     0.005690914     0.003242630     342.976     50.157    219.602     149.484    0.040000
468     0.004467032     0.003097083     342.358     49.681    217.647     149.882    0.050000
469     0.005848335     0.002942956     343.888     50.579    214.790     149.492    0.040000
470     0.004181473     0.003275379     343.724     45.035    216.119     149.862    0.040000
471     0.005068335     0.002748038     343.107     45.015    216.256     149.904    0.060000
472     0.005462711     0.003027232     341.619     49.733    226.400     149.874    0.040000
473     0.005329743     0.004438011     342.398     44.246    225.687     149.930    0.050000
474     0.005316542     0.002701635     343.433     44.547    222.231     149.439    0.040000
475     0.004678020     0.003000263     343.268     44.626    217.928     149.513    0.050000
476     0.004285070     0.002947442     339.170     48.290    219.653     149.783    0.040000
477     0.004992176     0.004083353     342.763     44.034    217.500     149.960    0.050000
478     0.005288403     0.002816391     343.078     44.828    216.222     149.863    0.050000
479     0.005708987     0.003096189     342.842     44.373    229.701     149.901    0.040000
480     0.004938188     0.002894028     342.190     44.149    228.342     149.703    0.050000
481     0.004865442     0.002929569     342.759     44.383    228.270     149.459    0.050000
482     0.004638127     0.003031649     342.125     44.144    216.768     149.979    0.050000
483     0.005684733     0.002914413     343.053     44.269    214.714     149.690    0.040000
484     0.005021052     0.002706697     339.978     42.935    214.837     149.944    0.050000
485     0.005154041     0.002751737     343.806     44.593    215.371     149.922    0.040000
486     0.004939099     0.003342744     341.405     48.519    213.366     149.472    0.050000
487     0.004663078     0.004275580     340.545     48.414    213.392     149.800    0.060000
488     0.005511655     0.003158640     341.346     48.978    214.008     149.907    0.050000
489     0.005066210     0.003022698     341.926     49.453    214.270     148.858    0.040000
490     0.004076312     0.003116740     340.892     48.968    215.930     149.564    0.050000
491     0.005029083     0.002976032     343.144     44.797    218.070     149.885    0.040000
492     0.004913485     0.002699490     342.482     44.848    214.357     149.748    0.050000
493     0.005325372     0.002744994     336.600     48.562    218.568     149.844    0.040000
494     0.005391499     0.004158539     341.383     45.438    218.389     149.646    0.040000
495     0.004935089     0.002702978     340.041     44.519    217.311     149.604    0.060000
496     0.004992231     0.002757796     336.371     49.228    216.795     149.981    0.040000
497     0.004948816     0.004718484     338.707     44.225    215.547     149.930    0.050000
498     0.005590478     0.002622986     338.114     44.222    219.887     149.870    0.050000
499     0.004696455     0.003024299     333.679     48.066    214.433     149.711    0.050000
500     0.005063870     0.004069402     339.061     44.537    216.449     149.956    0.040000
501     0.005542260     0.002751503     338.487     44.535    219.544     149.418    0.050000
502     0.004493023     0.003041287     331.527     46.880    214.841     149.030    0.040000
503     0.003991228     0.003406613     337.697     44.693    218.207     149.832    0.050000
504     0.005197916     0.002773135     338.998     45.195    215.952     149.970    0.040000
505     0.005070433     0.003014843     338.274     44.699    215.770     149.910    0.050000
506     0.005124580     0.002905186     338.025     44.963    213.559     149.991    0.040000
507     0.005470137     0.003047801     338.594     45.011    215.194     149.818    0.040000
508     0.005936141     0.002913347     337.685     44.693    213.335     149.155    0.050000
509     0.004656550     0.002898439     337.001     44.347    213.798     149.869    0.040000
510     0.005122331     0.002986570     336.091     44.050    215.004     148.973    0.050000
511     0.004187341     0.003035194     336.236     43.958    215.719     149.767    0.050000
512     0.004954908     0.002920664     331.103     47.200    215.714     149.964    0.050000
513     0.005399456     0.003806682     338.446     44.863    213.404     149.541    0.040000
514     0.004703021     0.002579731     336.715     44.033    216.948     149.914    0.050000
515     0.005013832     0.002751442     338.696     44.842    213.872     149.108    0.040000
516     0.004393443     0.003420533     338.645     44.528    214.831     149.807    0.040000
517     0.004871843     0.002964752     331.105     46.305    214.728     149.999    0.040000
518     0.005599305     0.003399769     332.992     46.606    214.316     149.310    0.050000
519     0.004531870     0.003102322     338.933     43.479    216.148     149.904    0.040000
520     0.005282735     0.002732466     340.260     43.393    216.660     149.964    0.040000
521     0.005368073     0.002830119     340.789     43.209    216.964     149.949    0.050000
522     0.005956945     0.002777650     342.835     42.950    216.892     149.934    0.040000
523     0.005315576     0.002844276     342.669     42.341    216.877     149.790    0.060000
524     0.005147655     0.002800080     339.143     45.772    220.236     149.623    0.040000
525     0.005124125     0.003864560     341.083     45.221    221.425     149.995    0.040000
526     0.005510500     0.003046989     341.355     44.680    223.436     149.921    0.050000
527     0.004809998     0.002828467     343.846     44.655    220.737     149.993    0.040000
528     0.005419606     0.002960329     342.818     43.535    213.538     149.911    0.050000
529     0.005037038     0.002883800     343.980     42.808    221.049     149.999    0.040000
530     0.005377460     0.002829425     343.459     37.650    214.449     149.798    0.040000
531     0.005309348     0.002558502     343.322     36.930    214.620     149.694    0.060000
532     0.004783870     0.002934420     343.898     36.862    216.927     149.880    0.040000
533     0.005158786     0.003048983     343.498     35.726    220.193     149.789    0.040000
534     0.005113269     0.003112988     343.251     35.400    221.331     149.827    0.060000
535     0.004915399     0.003036350     343.524     34.804    222.595     149.771    0.050000
536     0.005025775     0.003001026     343.816     33.105    227.657     149.884    0.040000
537     0.004953890     0.003330725     343.934     32.815    220.319     148.680    0.040000
538     0.003992891     0.003205465     227.012     149.632    341.656     31.606    0.050000
539     0.005226709     0.004091721     229.556     149.924    343.864     32.324    0.040000
540     0.004921994     0.003746982     228.041     149.802    342.776     30.882    0.050000
541     0.005240396     0.004436049     229.322     149.442    343.834     31.430    0.050000
542     0.004774216     0.004028627     237.451     149.984    343.020     30.790    0.040000
543     0.004861761     0.004683659     230.205     149.658    341.746     30.014    0.050000
544     0.004955165     0.005171639     235.573     149.883    343.899     30.545    0.050000
545     0.005077585     0.004948072     236.703     149.847    342.208     30.031    0.040000
546     0.005569276     0.005666079     239.915     149.941    341.027     30.334    0.050000
547     0.005547949     0.004955283     238.864     149.974    343.582     30.636    0.050000
548     0.005128222     0.005051514     235.435     149.635    342.410     30.442    0.050000
549     0.005258129     0.004587451     236.144     149.754    343.751     30.542    0.050000
550     0.004796504     0.004585945     238.444     149.516    343.536     30.052    0.040000
551     0.004760670     0.005234817     239.953     149.873    343.355     30.324    0.040000
552     0.005053167     0.004958323     239.685     149.957    338.882     30.101    0.060000
553     0.005365021     0.005346186     242.368     149.872    343.193     30.258    0.030000
554     0.004917866     0.005411075     243.040     149.982    343.134     30.265    0.060000
555     0.005141120     0.005122548     243.267     149.771    342.915     30.302    0.040000
556     0.005045437     0.004949301     244.219     149.861    343.478     30.086    0.050000
557     0.005082008     0.005312463     245.208     149.990    343.764     30.382    0.050000
558     0.005183210     0.004977000     246.068     149.408    343.321     30.187    0.040000
559     0.004776090     0.005463173     247.068     149.686    342.888     30.469    0.050000
560     0.004860748     0.004870108     245.637     149.556    343.485     30.936    0.050000
561     0.004867828     0.004230235     246.431     149.852    342.618     30.062    0.040000
562     0.005202429     0.005277540     255.900     149.782    342.629     30.104    0.050000
563     0.005189432     0.005469844     252.178     149.043    296.086     38.916    0.040000
564     0.004543855     0.006056172     255.273     149.661    343.536     33.609    0.050000
565     0.005069950     0.002874796     250.471     149.633    323.212     32.135    0.050000
566     0.004783498     0.003493310     253.772     149.950    309.153     34.681    0.050000
567     0.005329514     0.003398076     262.712     149.781    335.590     34.168    0.040000
568     0.004882468     0.003185375     256.207     149.973    341.342     30.707    0.050000
569     0.005439785     0.004388452     254.550     149.490    343.338     34.418    0.050000
570     0.004903730     0.003398071     255.492     149.919    341.146     31.523    0.050000
571     0.005275249     0.004006597     256.931     149.875    338.731     30.454    0.050000
572     0.005624733     0.004624771     255.823     149.932    298.799     37.935    0.040000
573     0.005086370     0.005801504     263.899     149.863    302.180     41.236    0.050000
574     0.004800450     0.004345471     257.384     149.631    325.235     36.443    0.050000
575     0.004925194     0.002777321     258.262     149.683    322.107     35.503    0.040000
576     0.004941696     0.002834709     259.921     149.918    323.041     39.990    0.050000
577     0.005150414     0.003848219     267.613     149.910    326.743     33.898    0.050000
578     0.004797175     0.003010645     261.360     149.974    322.799     39.966    0.040000
579     0.005028615     0.005253951     259.932     149.737    321.308     42.447    0.050000
580     0.005784065     0.003539756     262.177     149.802    320.399     46.964    0.050000
581     0.005147103     0.004886860     261.617     149.918    320.506     48.263    0.040000
582     0.005228955     0.003345401     260.127     149.353    323.275     43.059    0.060000
583     0.004467644     0.002707413     260.965     149.060    322.320     43.087    0.040000
584     0.004596837     0.003122251     261.783     149.646    317.583     41.441    0.050000
585     0.005335331     0.002627701     260.375     148.774    321.167     42.726    0.050000
586     0.003952444     0.003416775     263.222     149.617    321.277     43.180    0.040000
587     0.004822111     0.003103451     263.969     149.307    320.999     48.234    0.060000
588     0.004440034     0.005444349     268.630     149.285    319.135     43.850    0.040000
589     0.004567329     0.002665930     262.006     148.688    317.005     38.244    0.050000
590     0.003847484     0.002758527     265.232     149.045    317.382     44.213    0.050000
591     0.004007198     0.005060901     263.733     148.454    316.312     43.642    0.040000
592     0.003993697     0.003100332     266.966     149.447    316.895     48.401    0.050000
593     0.004627393     0.004855434     267.437     149.106    313.435     42.589    0.050000
594     0.004297948     0.002732835     273.230     148.481    312.468     42.463    0.050000
595     0.003920893     0.002976655     266.880     147.865    310.816     42.197    0.050000
596     0.003455839     0.002766265     277.028     149.356    310.643     44.076    0.050000
597     0.004990066     0.003237197     276.406     148.615    310.341     43.240    0.040000
598     0.003762514     0.002858490     271.783     148.797    308.072     42.597    0.050000
599     0.004097650     0.002839140     278.981     148.901    307.734     43.547    0.050000
600     0.004673073     0.003051196     281.606     149.387    303.376     39.644    0.040000
601     0.005195079     0.002658535     281.852     149.326    305.617     42.598    0.060000
602     0.004316431     0.003561510     280.462     148.473    300.723     38.783    0.040000
603     0.004016479     0.002736628     281.104     148.160    300.044     39.648    0.050000
604     0.003562208     0.003023599     285.512     149.175    298.688     38.890    0.050000
605     0.004753458     0.002826893     282.666     148.207    296.313     37.807    0.050000
606     0.003528850     0.002962816     276.834     147.906    296.564     39.326    0.050000
607     0.003581187     0.003154409     283.804     148.215    288.732     34.110    0.040000
608     0.003754390     0.002869964     286.532     148.770    288.618     35.953    0.050000
609     0.004148613     0.003420199     285.783     148.040    289.933     35.872    0.050000
610     0.003471800     0.003080786     284.945     147.665    289.277     35.456    0.050000
611     0.003674832     0.003021281     286.190     147.922    288.420     35.003    0.040000
612     0.003650070     0.002968957     281.370     146.032    288.442     34.093    0.040000
613     0.002898158     0.003144668     282.850     146.109    288.031     30.465    0.060000
614     0.002937861     0.004951895     276.593     145.695    288.690     34.925    0.040000
615     0.003086236     0.003574974     285.595     147.333    288.717     33.812    0.050000
616     0.003691770     0.003278668     285.561     147.237    288.288     33.383    0.050000
617     0.003167860     0.003071509     281.826     145.372    288.331     33.046    0.050000
618     0.002895601     0.003439734     280.634     146.992    290.007     35.725    0.050000
619     0.003428924     0.003148198     286.452     146.920    288.258     31.729    0.040000
620     0.003300339     0.003329771     278.803     146.207    289.183     34.934    0.040000
621     0.003193327     0.003363313     282.005     144.689    288.245     31.867    0.050000
622     0.002651857     0.003616521     280.611     146.282    288.221     33.392    0.050000
623     0.003223192     0.003638776     277.204     144.413    288.460     33.577    0.050000
624     0.002582938     0.003331898     278.420     144.646    288.052     32.225    0.050000
625     0.002823198     0.003689754     284.272     145.715    288.205     32.696    0.040000
626     0.003085498     0.003611922     286.315     145.949    288.385     33.042    0.050000
627     0.003114529     0.003279975     280.553     145.515    288.685     33.919    0.050000
628     0.002855014     0.003221348     280.943     145.697    288.060     33.675    0.050000
629     0.003023831     0.003141087     280.361     145.269    288.039     33.408    0.050000
630     0.002977710     0.003821313     280.403     145.152    288.130     33.150    0.040000
631     0.002979667     0.003416688     285.434     144.667    289.076     32.302    0.040000
632     0.002842505     0.003499141     279.691     144.385    288.111     32.210    0.050000
633     0.002881608     0.003787296     284.357     144.244    288.112     31.537    0.060000
634     0.003031495     0.003938580     283.402     142.918    289.083     30.127    0.040000
635     0.002815721     0.005035040     279.710     144.405    288.365     31.564    0.040000
636     0.002870963     0.004103289     279.990     144.377    289.500     30.486    0.050000
637     0.002654048     0.004700493     284.833     144.362    288.250     30.525    0.050000
638     0.003093249     0.004995139     277.712     142.744    288.864     32.324    0.050000
639     0.002767167     0.003673396     284.749     144.307    288.023     30.444    0.050000
640     0.003035574     0.004646349     284.951     144.384    288.439     31.075    0.050000
641     0.002807189     0.004617934     283.926     144.064    288.027     31.954    0.040000
642     0.002921187     0.004043497     281.748     143.529    288.045     31.361    0.060000
643     0.002875891     0.003775766     283.290     144.027    288.575     31.030    0.040000
644     0.002881949     0.004077460     283.787     144.663    288.203     31.437    0.040000
645     0.003177989     0.004016547     282.119     143.889    288.554     30.762    0.050000
646     0.002921901     0.004380993     281.326     143.920    290.669     32.876    0.040000
647     0.003067720     0.003606277     281.482     144.426    291.971     33.007    0.040000
648     0.002963341     0.003277940     274.535     143.969    290.206     30.284    0.050000
649     0.002895190     0.004564652     275.023     144.298    343.094     31.229    0.040000
650     0.002959478     0.004150530     276.067     144.732    288.487     32.298    0.060000
651     0.002885879     0.003844677     273.794     144.708    336.837     39.057    0.040000
652     0.003043010     0.005813881     269.424     142.228    335.180     41.416    0.050000
653     0.002695270     0.003910171     276.962     144.625    336.985     42.605    0.040000
654     0.003328190     0.003605135     275.019     144.608    329.354     40.657    0.050000
655     0.002916584     0.002935632     274.210     144.591    327.892     38.246    0.040000
656     0.002960582     0.002636195     272.920     144.815    329.893     35.032    0.060000
657     0.002861704     0.002790670     264.073     144.248    327.986     37.634    0.040000
658     0.002826442     0.003492492     265.974     145.086    328.888     37.786    0.050000
659     0.003124182     0.003233024     267.149     144.840    329.972     35.306    0.050000
660     0.003136137     0.002745646     262.786     145.071    323.153     38.635    0.050000
661     0.002977682     0.003859353     263.758     143.513    318.354     37.212    0.030000
662     0.002714482     0.002786371     260.756     143.042    319.516     41.558    0.050000
663     0.002703163     0.004391690     264.158     145.393    342.101     36.232    0.050000
664     0.003237672     0.002529850     263.067     145.497    317.573     30.894    0.050000
665     0.003063401     0.004042360     251.260     143.164    318.075     31.371    0.050000
666     0.002826269     0.003929485     254.769     143.612    314.123     36.862    0.050000
667     0.002834979     0.004453687     249.341     144.613    290.575     39.174    0.040000
668     0.002943516     0.003634352     246.158     143.282    342.102     38.361    0.050000
669     0.002906260     0.002879310     247.793     143.167    342.668     41.799    0.040000
670     0.002743088     0.003830868     248.353     143.892    343.923     42.120    0.060000
671     0.002829611     0.003087671     249.223     145.939    342.985     34.317    0.040000
672     0.003178055     0.002896788     246.631     146.007    342.905     30.236    0.050000
673     0.003167698     0.004581459     243.608     145.569    342.398     30.396    0.040000
674     0.002941729     0.005028669     240.420     145.918    341.669     30.862    0.050000
675     0.002980790     0.004665410     238.420     146.119    342.912     30.391    0.050000
676     0.002874392     0.004895915     235.564     146.628    341.823     30.423    0.050000
677     0.003151390     0.005412390     229.182     144.998    338.383     30.383    0.040000
678     0.002731036     0.005463602     229.877     146.930    334.885     30.257    0.050000
679     0.003282771     0.005104676     225.355     146.910    332.426     31.345    0.050000
680     0.003137757     0.004061482     223.850     147.363    327.661     30.102    0.040000
681     0.003232284     0.005112870     223.355     148.762    323.482     30.349    0.050000
682     0.004196315     0.004853057     222.068     149.562    321.143     31.492    0.050000
683     0.004830757     0.004189707     213.991     148.606    319.193     32.242    0.040000
684     0.004041220     0.003591727     214.193     148.690    314.460     32.348    0.050000
685     0.004076054     0.003710315     309.529     32.042    216.271     149.954    0.040000
686     0.005555405     0.004101592     307.572     32.895    214.392     149.571    0.050000
687     0.004735253     0.003272641     297.970     31.850    213.885     149.551    0.050000
688     0.004223475     0.003636596     300.083     34.301    284.345     149.337    0.050000
689     0.004414965     0.003616548     297.448     34.539    266.609     149.648    0.040000
690     0.004967811     0.003348734     293.376     34.989    258.974     141.548    0.050000
691     0.002732939     0.003191515     297.113     37.593    254.439     141.703    0.050000
692     0.002853829     0.003429991     292.676     37.531    252.450     143.180    0.050000
693     0.003199648     0.002919504     288.989     38.168    256.906     146.359    0.050000
694     0.004004682     0.002902159     288.267     39.371    250.493     148.444    0.050000
695     0.003980339     0.003185341     289.131     41.274    256.201     146.794    0.040000
696     0.003090293     0.003466068     291.420     43.784    252.841     147.111    0.050000
697     0.003264206     0.003755293     288.216     45.042    248.995     148.504    0.040000
698     0.003925256     0.003436758     293.928     49.598    221.089     148.643    0.050000
699     0.003738017     0.004330117     298.841     54.513    219.347     149.994    0.050000
700     0.005651149     0.005854216     294.923     54.904    216.520     148.037    0.060000
701     0.003779842     0.003328231     294.051     57.232    214.367     147.675    0.040000
702     0.003582259     0.003563213     343.342     59.608    274.816     149.314    0.050000
703     0.004550015     0.003848482     343.876     60.185    276.566     149.643    0.050000
704     0.005067407     0.003061820     343.224     62.076    272.825     149.698    0.040000
705     0.004696118     0.003307560     340.808     63.331    267.355     149.871    0.050000
706     0.005331663     0.003362818     342.190     64.963    263.910     149.780    0.040000
707     0.005441975     0.003473095     338.885     65.890    242.416     146.250    0.060000
708     0.002853093     0.003249037     336.122     64.694    260.182     149.455    0.050000
709     0.005013744     0.002987760     329.890     61.586    255.224     148.663    0.040000
710     0.004213889     0.002654918     332.391     64.822    231.926     145.979    0.050000
711     0.002889778     0.003595842     328.773     63.657    232.036     145.851    0.040000
712     0.003023326     0.003020794     328.991     66.460    215.828     145.183    0.050000
713     0.003064137     0.003740779     322.446     61.931    227.870     146.989    0.050000
714     0.003624242     0.002773129     328.945     68.263    223.339     146.326    0.040000
715     0.003099065     0.005034276     333.341     73.554    234.009     149.325    0.060000
716     0.005136050     0.005827286     331.586     73.123    219.811     146.054    0.040000
717     0.002718720     0.002967338     331.769     73.531    215.892     146.124    0.050000
718     0.003210978     0.002965836     331.169     75.370    213.501     146.027    0.050000
719     0.002932128     0.003154919     331.159     75.300    213.718     145.245    0.050000
720     0.002880177     0.003234092     330.162     74.145    224.491     147.258    0.040000
721     0.003525616     0.002804727     329.703     72.038    220.233     146.510    0.050000
722     0.003077305     0.002927211     331.233     72.614    226.354     146.929    0.040000
723     0.003317700     0.002953256     331.012     70.959    226.076     146.248    0.060000
724     0.002957748     0.002747072     332.549     69.665    250.272     149.930    0.040000
725     0.005968047     0.002758870     332.434     68.718    249.650     149.698    0.050000
726     0.004817635     0.002810590     334.247     69.173    227.159     145.911    0.050000
727     0.002967323     0.003281985     337.551     69.684    214.873     142.604    0.040000
728     0.002695535     0.002891921     338.231     67.625    225.254     144.094    0.050000
729     0.002999924     0.002852072     339.042     64.325    227.469     145.049    0.050000
730     0.003100427     0.002613496     341.308     63.628    223.590     142.317    0.040000
731     0.002805310     0.002890370     343.769     61.565    224.788     140.990    0.050000
732     0.002788685     0.002870169     343.715     61.093    244.127     143.467    0.040000
733     0.003421387     0.002872835     343.352     56.548    214.117     140.974    0.050000
734     0.002760156     0.002697473     343.541     52.092    213.496     135.510    0.050000
735     0.002692401     0.002776459     291.116     43.462    233.948     142.961    0.060000
736     0.005790018     0.002907654     302.448     36.596    214.041     139.412    0.040000
737     0.002730169     0.002843206     289.281     32.805    236.270     138.001    0.050000
738     0.002636519     0.003082379     288.886     32.505    221.015     131.549    0.050000
739     0.002837562     0.003297868     288.022     33.120    214.579     129.157    0.040000
740     0.002671913     0.003288802     288.421     32.233    213.714     131.005    0.050000
741     0.003129888     0.003604869     288.651     33.540    214.138     128.822    0.050000
742     0.002710058     0.003450482     288.808     33.305    213.775     130.158    0.040000
743     0.002788469     0.003253353     288.072     33.505    215.066     131.424    0.050000
744     0.003017160     0.003165727     288.206     33.115    214.218     131.475    0.050000
745     0.002784698     0.003431406     288.335     33.775    216.023     132.727    0.040000
746     0.002873401     0.003463814     288.043     32.447    219.913     134.793    0.050000
747     0.003178034     0.003713536     288.702     33.645    216.086     138.020    0.050000
748     0.003477189     0.003307233     288.331     33.489    217.759     141.194    0.040000
749     0.003804165     0.003238320     288.421     34.040    214.602     138.694    0.050000
750     0.002865066     0.003143574     290.793     34.547    213.684     138.742    0.060000
751     0.002839929     0.003310363     288.369     34.011    220.842     142.802    0.040000
752     0.004064605     0.003103385     288.161     34.087    214.335     140.936    0.050000
753     0.002810725     0.003148475     288.367     35.756    213.656     140.284    0.040000
754     0.002698501     0.003181198     289.559     35.505    214.556     140.753    0.050000
755     0.002765588     0.002963438     288.080     34.842    213.846     140.512    0.050000
756     0.002845033     0.002970478     288.884     35.386    216.831     141.712    0.040000
757     0.002965316     0.003152124     288.939     35.248    214.740     142.412    0.050000
758     0.002810957     0.003035084     288.218     36.732    219.122     143.908    0.060000
759     0.003051423     0.003086769     288.392     37.112    214.404     142.996    0.040000
760     0.002900751     0.003197458     288.963     36.119    214.862     142.918    0.040000
761     0.002917750     0.002850696     289.982     36.175    213.706     146.120    0.060000
762     0.003617964     0.003091136     288.359     37.061    213.402     146.369    0.040000
763     0.003095093     0.002839046     289.322     37.297    213.542     146.750    0.050000
764     0.003511491     0.003254809     289.486     37.098    214.864     146.555    0.040000
765     0.003042735     0.003033177     288.415     36.962    216.992     146.989    0.050000
766     0.003059917     0.003014048     288.194     36.930    217.640     147.335    0.050000
767     0.003343827     0.003121101     288.312     37.177    214.046     146.705    0.050000
768     0.003390762     0.002940268     289.835     38.010    214.048     146.817    0.050000
769     0.003383545     0.003028779     290.638     38.220    220.481     148.054    0.050000
770     0.003634741     0.002915414     292.202     39.092    213.946     147.993    0.050000
771     0.003636304     0.003036324     288.184     38.009    214.109     143.040    0.040000
772     0.002732328     0.002961958     292.539     39.731    216.113     149.111    0.050000
773     0.005659178     0.003579178     289.148     38.952    213.585     149.720    0.050000
774     0.004919262     0.002879208     293.668     40.049    213.564     149.424    0.040000
775     0.004540302     0.003051138     289.330     39.559    213.512     149.578    0.050000
776     0.005035640     0.003020976     288.197     39.138    214.894     149.631    0.050000
777     0.004852669     0.003285238     288.896     39.672    213.581     149.107    0.050000
778     0.004072472     0.003067932     290.949     40.102    214.412     148.452    0.040000
779     0.003733760     0.003090126     291.323     40.435    214.036     148.682    0.050000
780     0.003799032     0.002997585     290.948     40.745    213.525     149.078    0.050000
781     0.004330926     0.003210004     290.461     40.232    213.654     148.480    0.040000
782     0.003804585     0.003017260     292.486     40.974    213.357     143.742    0.040000
783     0.002571947     0.003241556     294.949     42.008    213.571     144.622    0.050000
784     0.002922045     0.003133562     295.334     41.863    213.575     144.217    0.050000
785     0.002852925     0.002995848     294.764     41.599    214.994     145.226    0.050000
786     0.003096218     0.003028785     295.682     41.632    213.425     144.627    0.040000
787     0.002898676     0.002885441     298.261     42.910    214.027     144.819    0.050000
788     0.003048839     0.003356396     299.079     42.712    213.478     143.722    0.050000
789     0.002869664     0.003062309     299.641     42.667    214.216     144.044    0.040000
790     0.003049192     0.003095515     302.609     43.400    216.423     144.332    0.050000
791     0.002894374     0.003244525     302.614     43.102    218.426     145.277    0.060000
792     0.003032369     0.002975101     305.086     44.127    217.841     144.867    0.030000
793     0.002845500     0.003167098     304.469     43.320    218.093     144.452    0.040000
794     0.002886648     0.002745962     307.523     44.181    215.960     142.846    0.060000
795     0.002800343     0.003275996     307.880     44.339    223.662     145.280    0.040000
796     0.003325135     0.003184196     308.676     44.234    222.105     144.395    0.040000
797     0.002876241     0.002989859     311.446     45.621    224.671     145.280    0.060000
798     0.002840339     0.003377182     317.274     46.884    226.041     144.645    0.040000
799     0.002839654     0.003395263     312.480     44.753    229.553     145.598    0.040000
800     0.003077437     0.002794331     315.066     45.798    227.101     143.093    0.050000
801     0.002818824     0.003308857     315.323     45.348    231.058     144.844    0.050000
802     0.003298760     0.003123984     316.650     45.569    235.954     145.662    0.050000
803     0.003157811     0.002988904     318.723     46.087    238.784     145.938    0.050000
804     0.003132039     0.003118559     319.675     46.165    237.270     145.619    0.040000
805     0.002900354     0.003355029     320.794     46.222    238.687     145.212    0.050000
806     0.002996785     0.003153060     323.350     46.752    240.037     145.508    0.050000
807     0.002878860     0.002975579     324.856     47.630    244.222     146.216    0.050000
808     0.002971867     0.003029323     323.399     45.930    246.362     146.791    0.040000
809     0.003083155     0.002956538     326.178     46.813    246.036     146.094    0.050000
810     0.003050927     0.003119038     325.276     45.156    244.196     145.239    0.050000
811     0.002867098     0.002829224     329.464     47.109    248.601     145.996    0.050000
812     0.003199243     0.003225754     329.972     46.555    249.566     146.481    0.050000
813     0.003281854     0.002897966     329.284     45.485    252.789     146.940    0.040000
814     0.003154856     0.002783681     331.006     46.155    250.022     146.315    0.050000
815     0.002991785     0.003337201     333.291     46.073    251.684     146.460    0.050000
816     0.003028536     0.003017097     333.515     45.875    253.292     146.908    0.040000
817     0.003186762     0.003150585     335.435     45.729    251.527     146.260    0.050000
818     0.003045847     0.003000889     336.514     45.760    254.617     146.684    0.040000
819     0.003058241     0.003114741     338.492     46.457    252.444     146.018    0.050000
820     0.002853594     0.003155096     339.818     46.154    256.264     147.168    0.040000
821     0.003463176     0.003077748     338.487     45.518    255.406     146.583    0.050000
822     0.003216994     0.002953972     339.336     45.530    253.829     146.293    0.050000
823     0.003100587     0.002970790     340.863     45.784    255.466     146.525    0.050000
824     0.003133236     0.003046172     341.617     46.136    253.745     146.314    0.040000
825     0.003133622     0.003009019     341.941     46.066    259.996     147.895    0.050000
826     0.004184673     0.002945734     341.628     45.458    260.305     147.758    0.050000
827     0.003390076     0.003059816     342.343     45.865    256.456     146.923    0.050000
828     0.003129250     0.003194251     341.644     45.500    262.459     148.454    0.050000
829     0.003789756     0.003039946     341.245     45.167    263.236     148.530    0.040000
830     0.003619309     0.003012366     341.274     45.115    254.681     146.422    0.050000
831     0.002939234     0.003004821     341.479     45.035    257.857     147.633    0.040000
832     0.003558808     0.002939889     341.618     45.119    257.055     147.447    0.050000
833     0.003487539     0.003062006     342.741     45.661    263.789     149.129    0.050000
834     0.004804158     0.003050267     341.840     45.389    256.280     147.228    0.050000
835     0.003319246     0.003077922     340.185     44.063    256.390     147.285    0.040000
836     0.003362837     0.002797519     342.191     45.564    261.647     148.835    0.060000
837     0.004257099     0.003414706     341.322     44.774    255.423     147.437    0.040000
838     0.003384349     0.002894755     341.685     45.507    255.099     147.466    0.050000
839     0.003341653     0.003133525     338.917     44.300    256.140     148.074    0.050000
840     0.003691802     0.002896723     339.216     44.319    254.778     147.776    0.040000
841     0.003497154     0.003004837     338.756     44.395    260.085     148.611    0.040000
842     0.003959513     0.003123619     339.155     44.865    263.452     149.444    0.060000
843     0.005146513     0.003190979     338.488     44.619    261.761     149.182    0.040000
844     0.004300285     0.002892375     337.222     44.026    255.343     148.936    0.040000
845     0.003977927     0.002968642     338.854     44.938    261.046     149.450    0.050000
846     0.004896132     0.003317262     338.006     44.403    260.508     149.096    0.060000
847     0.004105001     0.003146436     340.005     45.757    252.601     147.471    0.050000
848     0.003180616     0.003285034     336.380     44.481    253.041     147.431    0.040000
849     0.003534264     0.002959213     338.583     44.971    258.016     148.537    0.050000
850     0.003954454     0.003112152     337.542     44.942    251.586     147.264    0.050000
851     0.003300597     0.002989087     334.866     44.016    257.265     148.336    0.040000
852     0.003683981     0.002779686     334.933     44.178    256.740     147.928    0.050000
853     0.003416338     0.002827483     337.009     45.431    261.415     149.505    0.040000
854     0.004670197     0.003075657     334.405     44.244    260.573     149.539    0.050000
855     0.004633722     0.002949585     335.519     44.872    258.096     148.700    0.040000
856     0.004122127     0.003106165     333.237     45.073    255.396     147.792    0.060000
857     0.003426862     0.003104308     337.720     41.668    258.228     149.107    0.040000
858     0.004629622     0.002773571     335.544     44.070    255.323     148.408    0.060000
859     0.003841006     0.003545283     330.256     43.793    247.215     146.911    0.040000
860     0.003486913     0.002938962     330.934     41.457    255.376     149.022    0.040000
861     0.004579568     0.002692474     331.980     45.311    255.934     149.300    0.050000
862     0.004379737     0.003957950     330.142     44.110    252.153     148.108    0.050000
863     0.003397511     0.002895808     331.175     44.602    257.686     149.404    0.050000
864     0.005033436     0.003159742     329.441     44.026    250.805     147.483    0.050000
865     0.003326061     0.002785607     330.068     44.474    254.886     149.266    0.040000
866     0.004479440     0.003017638     335.041     46.107    253.671     148.428    0.060000
867     0.003535093     0.003159707     329.907     44.051    254.895     149.036    0.040000
868     0.004049514     0.002819914     329.313     44.021    252.637     148.627    0.040000
869     0.004076664     0.002871477     337.147     46.540    251.879     148.564    0.050000
870     0.004022522     0.003493442     330.014     44.550    253.638     149.125    0.050000
871     0.004349760     0.002767014     338.870     47.450    249.379     147.930    0.040000
872     0.003433064     0.003881620     336.955     46.246    249.039     148.404    0.050000
873     0.003646631     0.002920272     339.023     47.611    248.460     148.628    0.060000
874     0.004025278     0.003374949     332.459     45.128    253.127     149.608    0.040000
875     0.005069961     0.002637986     331.613     45.128    251.156     149.405    0.050000
876     0.004884289     0.002982139     331.674     44.989    249.861     149.288    0.050000
877     0.004119477     0.003015911     334.718     44.534    248.499     149.007    0.040000
878     0.004070897     0.002894131     333.925     46.528    244.165     148.135    0.050000
879     0.003649198     0.003350113     333.142     46.165    248.885     149.587    0.040000
880     0.005064026     0.002806420     332.871     45.971    244.583     148.782    0.050000
881     0.003938943     0.002779326     331.573     45.393    244.688     149.047    0.050000
882     0.004713448     0.002853075     334.841     47.501    243.963     148.296    0.050000
883     0.003640844     0.003425252     332.069     45.914    244.649     149.325    0.040000
884     0.004600045     0.002885781     342.998     46.217    242.510     149.405    0.060000
885     0.004769403     0.003070436     334.208     46.574    240.876     149.379    0.050000
886     0.004942717     0.003059200     341.293     44.944    240.237     149.373    0.040000
887     0.004720602     0.002790279     341.740     44.826    240.126     149.634    0.040000
888     0.004982919     0.002841681     335.273     47.227    237.577     149.377    0.050000
889     0.004757592     0.003316633     342.455     45.479    237.615     148.831    0.050000
890     0.004033249     0.002873713     340.458     43.896    238.251     149.852    0.050000
891     0.005054981     0.002939480     341.910     44.654    234.743     148.242    0.050000
892     0.003504121     0.003175006     343.151     44.843    235.485     149.403    0.050000
893     0.004570644     0.003205005     337.126     47.757    233.353     149.373    0.040000
894     0.004984810     0.003619673     343.272     45.023    232.759     149.952    0.050000
