fNo.       mw1            mw2        best1.x[0]     best1.theta     best2.x[0]   best2.theta   t/frame
0     0.000000000     0.000000000     236.040     33.192    248.154     152.490    2.280000
1     0.015728891     0.003550398     238.581     149.484    339.118     32.435    0.140000
2     0.002272295     0.001822225     239.767     149.770    341.178     30.145    0.140000
3     0.002555913     0.002434553     239.755     149.913    331.545     31.154    0.130000
4     0.002716684     0.002183726     238.878     149.683    341.227     30.101    0.140000
5     0.002284717     0.002734590     239.254     149.608    341.387     31.186    0.140000
6     0.002555836     0.002216384     243.380     149.939    343.670     30.371    0.130000
7     0.002660808     0.002524179     239.297     149.741    325.342     39.363    0.140000
8     0.002475490     0.003180829     290.611     42.267    239.819     149.952    0.130000
9     0.002776988     0.002083730     288.270     41.009    244.013     149.951    0.140000
10     0.002647354     0.001484171     289.609     40.332    239.570     149.365    0.140000
11     0.002267848     0.001385253     289.432     39.570    239.930     149.428    0.130000
12     0.002376849     0.001419529     291.248     39.213    241.062     149.934    0.140000
13     0.002652841     0.001515801     295.411     39.843    243.263     149.980    0.140000
14     0.002562510     0.001645698     297.526     39.772    241.521     149.664    0.140000
15     0.002454363     0.001505450     301.116     39.987    241.345     149.398    0.130000
16     0.002144446     0.001520172     301.903     39.602    243.578     149.938    0.130000
17     0.002833372     0.001425197     304.054     39.897    244.713     149.759    0.140000
18     0.002325131     0.001603069     307.783     40.132    244.581     149.743    0.140000
19     0.002504126     0.001496978     309.201     40.091    247.552     149.788    0.130000
20     0.002395616     0.001484656     311.237     40.561    247.615     149.710    0.130000
21     0.002548962     0.001551806     312.176     40.254    250.477     149.505    0.140000
22     0.002394085     0.001462910     315.727     40.800    250.872     149.755    0.140000
23     0.002515471     0.001498207     315.748     40.557    250.415     149.468    0.130000
24     0.002324126     0.001476403     317.997     40.823    256.192     149.923    0.140000
25     0.002576401     0.001494948     318.645     40.756    256.288     149.821    0.140000
26     0.002806497     0.001544398     319.560     40.791    258.386     149.133    0.130000
27     0.002288432     0.001475900     319.209     40.566    261.790     149.858    0.130000
28     0.002816939     0.001461894     319.044     40.473    262.305     149.881    0.140000
29     0.002553785     0.001477202     320.581     40.859    266.388     149.998    0.140000
30     0.002820108     0.001536876     322.095     41.126    267.537     149.437    0.140000
31     0.002326802     0.001528435     319.767     40.095    267.478     149.226    0.130000
32     0.002255240     0.001391993     322.385     40.657    272.351     149.595    0.140000
33     0.002435909     0.001479413     324.767     40.926    274.421     149.731    0.130000
34     0.002420733     0.001488285     323.996     40.158    276.558     149.627    0.140000
35     0.002486379     0.001395039     326.053     40.278    280.173     149.861    0.140000
36     0.002664268     0.001546297     327.625     40.402    278.840     149.410    0.130000
37     0.002345279     0.001543319     331.897     41.091    280.848     149.828    0.130000
38     0.002481255     0.001507755     332.027     40.857    282.605     149.881    0.140000
39     0.002632012     0.001546432     329.988     39.788    286.053     149.930    0.140000
40     0.002438193     0.001453037     331.164     39.669    285.629     149.984    0.140000
41     0.002683018     0.001544506     332.924     39.936    286.803     149.753    0.130000
42     0.002345550     0.001598615     333.714     39.630    287.285     149.927    0.130000
43     0.002621653     0.001493219     331.319     38.542    287.544     149.833    0.140000
44     0.002747626     0.001396299     334.122     38.994    287.187     149.546    0.140000
45     0.002352565     0.001543624     334.110     38.950    287.908     149.346    0.130000
46     0.002207566     0.001479923     333.365     38.685    287.361     149.459    0.140000
47     0.002264484     0.001481065     335.042     38.736    286.498     149.023    0.140000
48     0.001981231     0.001499224     333.052     38.179    287.717     148.853    0.130000
49     0.002035675     0.001419508     334.677     38.248    287.464     148.304    0.140000
50     0.001877437     0.001533456     333.420     37.787    285.864     148.166    0.130000
51     0.001817971     0.001493842     333.197     37.844    286.488     148.000    0.140000
52     0.001849152     0.001481518     333.616     37.938    286.624     147.585    0.130000
53     0.001726481     0.001504629     331.767     37.377    287.954     147.303    0.130000
54     0.001576748     0.001478125     328.755     36.453    287.997     147.491    0.140000
55     0.001775170     0.001449617     329.966     36.978    287.107     146.784    0.140000
56     0.001513097     0.001575872     327.730     36.484    287.670     147.246    0.140000
57     0.001657556     0.001386610     326.098     36.184    286.896     146.745    0.130000
58     0.001616381     0.001467843     325.256     36.112    287.120     146.483    0.140000
59     0.001513893     0.001492470     325.915     36.449    287.525     147.218    0.130000
60     0.001570907     0.001593886     322.974     35.679    287.659     147.224    0.140000
61     0.001603752     0.001519853     323.161     35.814    287.536     147.155    0.130000
62     0.001521796     0.001474631     322.329     35.736    287.454     146.746    0.140000
63     0.001554429     0.001593509     319.509     35.223    287.505     147.718    0.130000
64     0.001784978     0.001474265     321.235     35.624    287.585     146.611    0.140000
65     0.001515097     0.001540695     319.228     35.163    287.055     147.090    0.140000
66     0.001640194     0.001469481     315.763     34.872    283.713     146.291    0.140000
67     0.001443149     0.001537928     314.095     34.402    287.137     147.090    0.130000
68     0.001696939     0.001598765     313.512     34.671    286.405     146.595    0.140000
69     0.001537678     0.001524493     311.602     34.075    285.345     146.657    0.130000
70     0.001634082     0.001534363     312.134     34.163    286.906     146.475    0.140000
71     0.001593093     0.001541751     304.676     31.818    287.512     146.721    0.130000
72     0.001587199     0.001849605     308.807     33.855    287.276     146.911    0.140000
73     0.001558450     0.001665437     307.163     33.780    286.822     146.435    0.140000
74     0.001491415     0.001582134     306.065     33.696    287.866     146.410    0.130000
75     0.001546390     0.001530589     309.216     33.107    285.346     145.884    0.140000
76     0.001486897     0.001601246     307.716     34.191    286.823     146.357    0.130000
77     0.001531983     0.001622724     304.745     33.892    286.190     146.426    0.130000
78     0.001607482     0.001596937     304.000     33.636    287.465     146.732    0.140000
79     0.001588545     0.001582112     304.725     33.542    286.799     146.638    0.140000
80     0.001524379     0.001673875     302.567     33.271    287.871     146.745    0.130000
81     0.001545427     0.001755332     298.311     31.576    287.737     146.887    0.140000
82     0.001664920     0.001989166     302.336     33.644    287.638     145.427    0.130000
83     0.001446627     0.001799189     303.557     33.734    287.978     146.109    0.140000
84     0.001481011     0.001582441     300.816     33.311    287.338     145.912    0.140000
85     0.001436817     0.001636378     301.911     33.937    286.670     146.938    0.130000
86     0.001611936     0.001740701     298.161     32.617    287.733     147.026    0.140000
87     0.001558122     0.001624075     307.908     35.506    286.230     146.744    0.130000
88     0.001551362     0.001740427     296.002     32.845    287.531     146.980    0.140000
89     0.001635229     0.001679809     298.235     33.316    286.449     147.186    0.130000
90     0.001686000     0.001652688     298.049     33.401    286.449     146.938    0.140000
91     0.001539138     0.001694746     298.932     33.608    287.634     147.395    0.140000
92     0.001723310     0.001725791     296.886     33.211    286.357     147.429    0.130000
93     0.001700814     0.001690468     300.380     34.104    287.117     147.441    0.130000
94     0.001775092     0.001670597     299.403     34.037    287.232     148.493    0.140000
95     0.001971825     0.001546167     299.184     33.949    287.496     148.732    0.140000
96     0.001994199     0.001497450     296.290     33.315    285.917     148.026    0.140000
97     0.001722782     0.001682970     297.645     33.796    287.761     148.597    0.130000
98     0.001966957     0.001625556     297.405     33.809    287.181     148.610    0.130000
99     0.002018241     0.001647062     296.753     33.496    287.635     149.534    0.140000
100     0.002506386     0.001684040     301.833     34.270    287.878     149.997    0.140000
101     0.002825263     0.001745306     302.589     34.087    285.605     149.733    0.140000
102     0.002422292     0.001522663     303.633     34.096    282.205     149.511    0.120000
103     0.002381140     0.001541176     304.455     33.663    278.493     149.538    0.150000
104     0.002397274     0.001559602     305.859     33.357    274.047     149.360    0.130000
105     0.002256156     0.001676720     308.842     33.840    273.461     149.927    0.130000
106     0.002589654     0.001580199     312.295     34.096    269.835     149.821    0.140000
107     0.002586104     0.001662930     313.633     33.932    267.991     149.971    0.140000
108     0.002720813     0.001606245     314.905     33.702    264.752     149.846    0.130000
109     0.002343854     0.001554606     317.022     33.859    263.186     149.793    0.140000
110     0.002601373     0.001623600     320.238     33.844    259.141     149.967    0.130000
111     0.002885495     0.001687993     322.232     34.291    258.188     149.436    0.140000
112     0.002414723     0.001490719     322.574     34.190    257.243     149.583    0.130000
113     0.002520480     0.001606630     322.591     33.720    256.591     149.801    0.130000
114     0.002391129     0.001667802     322.669     33.574    253.807     149.870    0.140000
115     0.002635187     0.001531597     325.547     34.160    256.135     149.965    0.140000
116     0.002582776     0.001528885     325.262     34.157    252.874     149.800    0.140000
117     0.002462167     0.001601281     323.471     33.637    256.976     149.849    0.130000
118     0.002769971     0.001586865     324.356     33.969    254.981     149.541    0.130000
119     0.002289077     0.001675403     323.386     34.035    255.321     149.262    0.140000
120     0.002224632     0.001608444     323.077     34.234    258.662     149.781    0.140000
121     0.002475859     0.001598009     321.335     33.964    259.584     149.733    0.130000
122     0.002366729     0.001557304     321.270     34.232    260.127     149.893    0.130000
123     0.002649634     0.001600903     317.660     33.265    262.296     149.621    0.140000
124     0.002530294     0.001628087     317.933     33.753    261.696     149.717    0.140000
125     0.002428145     0.001606722     316.259     33.559    263.181     149.545    0.140000
126     0.002586992     0.001577800     317.178     34.041    266.355     149.959    0.130000
127     0.002553478     0.001703225     313.448     33.178    265.100     149.677    0.130000
128     0.002503981     0.001667653     314.507     33.565    264.686     149.650    0.140000
129     0.002468843     0.001643437     315.317     33.948    267.993     149.973    0.140000
130     0.002619558     0.001595636     315.165     33.763    265.483     149.620    0.130000
131     0.002496165     0.001544229     311.333     33.209    265.564     149.015    0.130000
132     0.002056898     0.001638926     316.448     34.248    267.855     149.895    0.140000
133     0.002696599     0.001638028     313.195     33.686    268.820     149.971    0.130000
134     0.002712324     0.001574548     313.683     33.663    267.182     148.754    0.150000
135     0.001903663     0.001699441     311.061     33.214    270.213     149.995    0.130000
136     0.002696173     0.001599039     312.152     33.433    268.953     149.815    0.130000
137     0.002559079     0.001696213     313.378     33.538    269.970     149.849    0.130000
138     0.002518002     0.001600427     314.421     33.829    269.641     149.894    0.140000
139     0.002657884     0.001622491     311.883     33.119    270.620     149.890    0.140000
140     0.002408359     0.001685536     311.765     33.278    271.011     149.772    0.130000
141     0.002667853     0.001652709     313.183     33.350    271.668     149.795    0.140000
142     0.002410049     0.001623936     312.152     33.204    272.646     149.969    0.130000
143     0.002825303     0.001622649     312.547     33.284    271.741     149.891    0.140000
144     0.002508618     0.001685766     309.390     32.566    271.950     149.275    0.130000
145     0.002165469     0.001724276     311.288     33.082    270.386     148.846    0.140000
146     0.002068301     0.001717735     310.381     32.535    272.658     149.846    0.140000
147     0.002730015     0.001736854     310.876     32.972    274.010     149.942    0.140000
148     0.002661892     0.001753059     311.740     33.051    275.481     149.859    0.130000
149     0.002434579     0.001549224     313.738     33.635    276.959     149.851    0.140000
150     0.002515443     0.001617434     312.798     33.640    275.146     149.466    0.130000
151     0.002151475     0.001634328     309.746     33.027    276.582     149.711    0.130000
152     0.002501862     0.001710520     311.725     33.599    277.289     149.826    0.140000
153     0.002224876     0.001641577     313.267     33.795    278.977     149.989    0.130000
154     0.002613387     0.001630053     311.391     33.743    279.488     149.851    0.130000
155     0.002565912     0.001655126     310.254     33.273    277.696     149.349    0.140000
156     0.002176823     0.001533655     311.827     33.494    280.053     149.491    0.140000
157     0.002371192     0.001590724     310.672     33.287    278.355     149.645    0.140000
158     0.002499997     0.001522075     312.800     33.709    277.382     149.215    0.130000
159     0.002198449     0.001580811     312.959     33.721    281.811     149.800    0.140000
160     0.002693592     0.001575415     310.543     33.111    280.133     149.335    0.130000
161     0.002251341     0.001601707     313.807     33.971    280.059     149.342    0.130000
162     0.002325172     0.001641516     312.346     33.368    278.027     149.190    0.140000
163     0.002186930     0.001584393     317.048     34.448    281.679     149.746    0.140000
164     0.002531206     0.001593871     313.686     33.728    283.372     149.871    0.130000
165     0.002570420     0.001616315     314.091     33.598    281.584     149.461    0.140000
166     0.002404992     0.001534259     310.034     32.755    281.114     149.510    0.130000
167     0.002558180     0.001686445     310.981     32.890    278.164     148.056    0.150000
168     0.001872082     0.001676734     314.723     33.414    281.600     149.299    0.120000
169     0.002267718     0.001609541     309.531     32.347    280.240     148.457    0.140000
170     0.001902939     0.001678489     311.205     32.463    279.664     148.439    0.140000
171     0.002045184     0.001808554     312.502     32.484    280.555     149.061    0.130000
172     0.002358424     0.001866883     310.085     32.025    282.180     149.102    0.140000
173     0.002155126     0.001905312     313.281     32.541    283.803     149.682    0.130000
174     0.002290949     0.001772565     312.905     32.323    278.256     148.507    0.140000
175     0.001834046     0.001701719     313.038     31.955    279.513     148.626    0.140000
176     0.001889937     0.001893565     313.388     32.091    280.815     149.051    0.130000
177     0.002222847     0.001878578     316.721     32.461    282.616     149.483    0.140000
178     0.002270599     0.001824967     312.338     31.477    280.721     149.161    0.130000
179     0.002189420     0.002032625     315.982     32.317    278.691     149.055    0.140000
180     0.002242450     0.001815805     314.136     31.881    280.507     149.455    0.130000
181     0.002391550     0.001914535     311.612     31.246    280.180     149.279    0.140000
182     0.002249673     0.002036762     312.277     31.201    282.431     149.649    0.130000
183     0.002458410     0.002198327     310.374     31.029    281.090     149.181    0.140000
184     0.002069408     0.002093133     311.865     31.190    273.831     147.318    0.140000
185     0.001518634     0.002167750     313.400     31.317    280.951     149.321    0.130000
186     0.002383205     0.002036297     311.546     31.003    279.790     148.687    0.140000
187     0.001926712     0.002186715     312.048     31.301    280.265     148.986    0.130000
188     0.002188835     0.002051235     307.523     30.044    280.670     148.890    0.140000
189     0.002112053     0.002765829     308.990     30.247    277.624     148.293    0.140000
190     0.002029800     0.002325992     307.681     30.015    275.005     146.748    0.130000
191     0.001536594     0.002578072     311.002     30.507    279.292     148.662    0.140000
192     0.002076941     0.002503740     306.433     30.080    283.142     148.905    0.130000
193     0.002080479     0.002762806     307.847     30.164    280.887     148.284    0.140000
194     0.001827018     0.002607477     306.764     30.053    283.656     149.088    0.140000
195     0.002293626     0.002843631     308.681     30.391    282.258     148.867    0.130000
196     0.001980619     0.002580965     307.270     30.375    281.527     148.689    0.130000
197     0.001889871     0.002435510     308.008     30.354    281.600     148.669    0.140000
198     0.001996950     0.002352660     309.563     30.698    280.586     148.659    0.130000
199     0.002001177     0.002311030     310.832     30.725    278.256     147.994    0.140000
200     0.001825654     0.002415783     310.600     30.993    278.135     148.180    0.140000
201     0.001818313     0.002161773     309.821     30.699    277.917     147.701    0.130000
202     0.001644204     0.002324214     309.853     30.676    277.409     147.508    0.140000
203     0.001612047     0.002306517     308.708     30.621    272.364     145.921    0.140000
204     0.001510690     0.002504320     310.239     30.939    278.858     147.828    0.140000
205     0.001851963     0.002348968     310.841     30.995    280.259     147.943    0.130000
206     0.001676049     0.002331770     311.258     31.190    283.813     147.600    0.130000
207     0.001735525     0.002045285     280.525     147.894    312.604     31.319    0.140000
208     0.001882994     0.002109664     313.019     31.484    279.155     147.600    0.140000
209     0.001646768     0.001980247     312.939     30.075    276.601     147.150    0.130000
210     0.001591512     0.002700357     312.190     30.958    281.527     146.778    0.140000
211     0.001521423     0.002284225     312.803     30.433    278.025     147.525    0.130000
212     0.001701514     0.002457655     311.693     30.024    282.843     147.244    0.140000
213     0.001595748     0.002718627     282.234     147.048    313.373     30.128    0.130000
214     0.001589455     0.002566121     284.306     147.501    313.125     30.262    0.140000
215     0.001635311     0.002531056     277.307     147.305    314.501     30.076    0.140000
216     0.001604882     0.002641563     278.734     147.746    314.306     30.086    0.140000
217     0.001839651     0.002750763     315.340     30.016    284.128     147.534    0.130000
218     0.001736534     0.002698499     283.603     147.671    314.443     30.014    0.140000
219     0.001859205     0.002819788     316.487     30.210    282.669     147.315    0.130000
220     0.001627316     0.002694938     317.725     30.002    283.225     147.473    0.130000
221     0.001714756     0.002583206     318.671     30.055    273.815     146.549    0.150000
222     0.001556643     0.002653628     283.051     147.508    320.251     30.133    0.130000
223     0.001679578     0.002692492     319.173     30.031    283.560     147.816    0.130000
224     0.001700800     0.002853340     320.657     30.173    279.999     146.957    0.140000
225     0.001521997     0.002761282     281.662     147.475    321.218     30.284    0.140000
226     0.001747783     0.002608206     321.514     30.106    282.708     147.774    0.130000
227     0.001720362     0.002654386     320.972     30.003    283.840     147.787    0.130000
228     0.001838934     0.002862932     282.030     147.580    321.511     30.036    0.130000
229     0.001636215     0.002808146     323.086     30.313    284.744     148.120    0.140000
230     0.001934036     0.002503266     322.101     30.153    276.095     147.342    0.140000
231     0.001698180     0.002559941     322.434     30.172    284.163     147.964    0.140000
232     0.001867877     0.002605908     283.610     147.834    323.463     30.416    0.130000
233     0.001691104     0.002707875     284.386     147.828    321.628     30.189    0.140000
234     0.001771903     0.002457469     286.283     148.138    321.896     30.071    0.130000
235     0.001932627     0.002722946     276.132     146.986    321.638     30.005    0.140000
236     0.001542378     0.002556478     276.458     146.969    323.239     30.283    0.130000
237     0.001624211     0.002737763     320.850     30.085    273.389     146.206    0.140000
238     0.001517189     0.002727520     279.913     147.614    321.909     30.047    0.140000
239     0.001776174     0.002725163     276.072     146.723    322.920     30.335    0.130000
240     0.001620622     0.002669521     278.436     147.187    321.474     30.043    0.130000
241     0.001615502     0.002651872     286.562     147.361    322.406     30.323    0.140000
242     0.001719976     0.002374524     283.047     147.992    316.392     30.017    0.130000
243     0.001782786     0.002851869     316.724     30.043    285.947     148.427    0.140000
244     0.001935883     0.002631232     283.819     148.315    314.573     30.049    0.130000
245     0.001818269     0.002651704     285.839     148.248    316.740     30.178    0.140000
246     0.001743436     0.002662680     286.177     148.551    316.703     30.101    0.130000
247     0.001907253     0.002633452     284.061     147.589    315.688     30.088    0.140000
248     0.001657157     0.002622912     317.158     30.437    284.057     147.675    0.140000
249     0.001702502     0.002452026     314.853     30.026    284.645     147.735    0.130000
250     0.001694832     0.002743634     313.488     30.044    284.230     147.767    0.140000
251     0.001775724     0.002632615     315.077     30.480    283.100     147.262    0.150000
252     0.001583721     0.002561106     310.755     30.544    282.666     147.282    0.120000
253     0.001640944     0.002442911     310.037     30.129    286.177     147.928    0.140000
254     0.001797333     0.002660343     311.216     30.079    284.612     147.540    0.140000
255     0.001698693     0.002643878     311.952     30.180    280.925     147.097    0.130000
256     0.001572242     0.002425737     310.145     30.049    265.567     142.965    0.140000
257     0.001313434     0.002670647     312.729     30.343    281.116     147.109    0.130000
258     0.002008722     0.002397451     314.638     30.447    279.410     146.590    0.140000
259     0.001520913     0.002505362     314.768     30.113    278.483     146.552    0.130000
260     0.001647570     0.002519812     311.042     30.027    282.798     147.943    0.130000
261     0.001822019     0.002537674     311.157     30.183    281.294     147.493    0.140000
262     0.001639180     0.002619270     313.480     30.305    278.737     146.885    0.140000
263     0.001650970     0.002498311     311.503     30.048    273.664     145.928    0.140000
264     0.001496189     0.002680725     309.779     30.215    261.808     142.364    0.130000
265     0.001332944     0.002669337     310.410     30.243    263.810     143.175    0.140000
266     0.001476523     0.002668895     313.885     30.003    255.518     140.604    0.130000
267     0.001360948     0.002640468     311.669     30.086    255.683     140.849    0.130000
268     0.001426017     0.002787638     310.442     30.331    254.050     141.337    0.140000
269     0.001491445     0.002482830     312.811     30.195    249.268     140.232    0.140000
270     0.001442603     0.002629091     308.265     30.013    242.785     138.838    0.130000
271     0.001381539     0.002786406     307.265     30.178    221.551     133.021    0.140000
272     0.001328934     0.002577979     308.857     30.457    224.755     134.897    0.130000
273     0.001488757     0.002596173     306.166     30.004    216.899     133.625    0.140000
274     0.001311728     0.002667771     308.801     30.647    214.590     134.155    0.140000
275     0.001444766     0.002338018     305.419     30.261    214.276     135.193    0.130000
276     0.001438901     0.002574914     306.691     30.097    229.285     140.982    0.130000
277     0.002380169     0.002818395     307.182     30.454    233.230     144.077    0.140000
278     0.001985718     0.002623929     306.476     30.247    238.537     148.958    0.140000
279     0.002836858     0.002569285     306.483     30.124    233.280     147.255    0.130000
280     0.001622314     0.002599804     305.578     30.254    233.354     149.864    0.140000
281     0.002661481     0.002586367     304.641     30.013    232.985     148.702    0.130000
282     0.002069650     0.002635364     304.622     30.122    238.393     149.971    0.140000
283     0.002690611     0.002608019     304.766     30.073    230.780     149.897    0.130000
284     0.002777456     0.002710765     304.642     30.232    236.676     149.892    0.140000
285     0.002465798     0.002613813     304.783     30.228    234.465     149.732    0.140000
286     0.002728990     0.002771356     304.544     30.426    234.482     149.540    0.140000
287     0.002388638     0.002503606     304.635     30.532    235.026     149.973    0.130000
288     0.002749370     0.002453627     303.726     30.106    232.603     149.917    0.140000
289     0.002720159     0.002689390     306.897     30.859    229.174     149.838    0.130000
290     0.002476532     0.002148368     305.961     30.877    230.814     149.841    0.130000
291     0.002624558     0.002262278     303.024     30.295    228.288     149.883    0.130000
292     0.002772981     0.002387549     305.854     30.993    228.968     149.457    0.140000
293     0.002206500     0.002160629     303.557     30.575    229.596     149.899    0.140000
294     0.002575351     0.002347019     304.805     30.936    228.441     149.570    0.130000
295     0.002439194     0.002143157     304.745     31.160    226.215     149.818    0.140000
296     0.002623838     0.002216352     304.390     31.285    251.173     149.735    0.140000
297     0.002558179     0.002018900     305.653     31.373    217.763     149.417    0.130000
298     0.002157644     0.002072852     306.497     31.759    248.218     149.916    0.140000
299     0.002652063     0.001791883     305.152     31.438    240.792     148.964    0.140000
300     0.002091492     0.002223268     304.879     31.310    214.777     149.995    0.130000
301     0.002795520     0.002180708     307.946     32.266    232.053     149.386    0.130000
302     0.002312169     0.001714172     308.219     32.451    245.581     149.980    0.140000
303     0.002604055     0.001738286     306.344     31.914    230.624     149.646    0.140000
304     0.002456687     0.001892001     305.004     31.905    235.057     149.566    0.140000
305     0.002467296     0.001867367     305.246     31.909    235.347     149.449    0.130000
306     0.002294465     0.001831267     306.267     32.282    233.977     149.661    0.130000
307     0.002569457     0.001687455     309.331     32.835    231.861     149.807    0.140000
308     0.002543519     0.001764292     306.250     32.210    240.022     149.988    0.140000
309     0.002672218     0.001810613     308.807     32.995    233.381     149.477    0.140000
310     0.002482099     0.001629021     303.986     31.910    234.615     149.778    0.130000
311     0.002621186     0.001942293     307.289     32.769    237.973     149.632    0.140000
312     0.002450965     0.001668780     304.756     32.118    228.296     149.831    0.130000
313     0.002686663     0.001822051     307.035     32.648    228.015     149.522    0.130000
314     0.002133842     0.001728178     306.023     32.398    224.380     149.400    0.130000
315     0.002235530     0.001790635     306.464     32.114    228.109     149.863    0.150000
316     0.002559052     0.001815593     308.692     32.513    229.465     149.900    0.130000
317     0.002503104     0.001834207     310.023     32.706    226.435     149.699    0.140000
318     0.002618246     0.001790473     311.511     32.666    217.660     149.153    0.130000
319     0.002288490     0.001718727     314.972     33.514    215.862     148.957    0.140000
320     0.002091371     0.001645868     314.245     32.665    221.017     149.938    0.130000
321     0.002716780     0.001688144     318.057     33.293    218.410     149.696    0.130000
322     0.002360198     0.001637968     315.963     32.842    216.063     149.849    0.140000
323     0.002636058     0.001718950     318.510     33.072    219.672     149.963    0.140000
324     0.002658445     0.001709373     321.351     33.693    215.382     149.887    0.120000
325     0.002489016     0.001599417     317.408     32.697    217.509     149.735    0.130000
326     0.002341887     0.001700674     318.565     32.660    216.993     149.142    0.130000
327     0.002239119     0.001659012     319.840     33.513    219.770     149.658    0.120000
328     0.002443637     0.001738253     319.885     32.971    219.772     149.849    0.120000
329     0.002596868     0.001632818     319.548     33.543    258.999     149.725    0.140000
330     0.002444937     0.001688927     317.392     33.162    257.858     149.297    0.140000
331     0.002238103     0.001592964     319.085     33.300    260.077     149.770    0.130000
332     0.002551650     0.001627568     319.022     33.309    259.872     149.159    0.140000
333     0.002109295     0.001670911     319.845     33.672    259.931     149.900    0.130000
334     0.002739918     0.001615034     319.747     33.207    259.399     149.290    0.130000
335     0.002185908     0.001701264     321.863     33.706    260.611     149.892    0.140000
336     0.002619998     0.001604108     322.499     33.757    260.098     147.701    0.120000
337     0.001737998     0.001614689     323.328     33.765    260.954     147.507    0.140000
338     0.001629681     0.001608144     325.209     34.043    260.586     148.528    0.130000
339     0.002013467     0.001627243     326.759     34.049    261.223     149.749    0.130000
340     0.002471078     0.001594518     325.845     33.663    258.490     149.685    0.140000
341     0.002593456     0.001609095     327.366     33.896    262.340     148.838    0.130000
342     0.002151314     0.001650242     329.664     34.049    256.651     149.944    0.140000
343     0.002495186     0.001559182     329.686     34.301    261.648     148.825    0.130000
344     0.002039678     0.001568493     326.384     33.453    262.764     149.034    0.120000
345     0.002045686     0.001612037     322.641     32.226    263.120     149.742    0.140000
346     0.002465875     0.001718432     327.021     33.713    259.063     149.819    0.130000
347     0.002492259     0.001725002     326.467     33.720    265.504     149.418    0.130000
348     0.002284875     0.001612470     322.478     33.108    266.771     149.726    0.140000
349     0.002434833     0.001823041     322.964     33.147    267.127     149.680    0.130000
350     0.002472878     0.001747167     319.163     32.538    268.582     149.487    0.140000
351     0.002300228     0.001669395     320.350     33.040    268.734     148.813    0.130000
352     0.002187802     0.001715426     319.241     32.714    270.640     149.823    0.130000
353     0.002568688     0.001645473     319.996     32.809    267.531     149.906    0.150000
354     0.002584605     0.001630424     319.776     32.514    270.604     149.206    0.130000
355     0.002134818     0.001773204     320.477     32.823    272.271     149.339    0.140000
356     0.002436520     0.001696232     320.255     32.990    269.372     149.161    0.130000
357     0.002144536     0.001658448     320.166     32.817    269.304     149.735    0.130000
358     0.002482061     0.001656056     321.066     33.228    273.591     149.979    0.140000
359     0.002667630     0.001592501     319.722     33.272    270.821     149.728    0.130000
360     0.002489012     0.001654165     317.542     32.809    270.864     149.544    0.140000
361     0.002348477     0.001719557     319.253     33.479    271.504     149.986    0.130000
362     0.002701917     0.001735913     317.455     33.165    272.565     149.776    0.140000
363     0.002478429     0.001671015     319.607     33.772    273.680     149.971    0.140000
364     0.002719757     0.001541001     314.850     33.026    272.365     149.787    0.130000
365     0.002668337     0.001641717     314.421     32.970    272.563     149.848    0.130000
366     0.002684422     0.001650720     314.369     33.224    273.971     149.976    0.140000
367     0.002608966     0.001721122     318.093     34.593    272.851     149.494    0.130000
368     0.002330445     0.001591139     311.996     33.131    273.389     149.815    0.140000
369     0.002592239     0.001539021     311.469     33.091    273.731     149.589    0.130000
370     0.002364064     0.001534578     312.035     33.627    274.048     149.849    0.150000
371     0.002593438     0.001593600     311.020     33.373    274.043     149.844    0.130000
372     0.002709769     0.001609662     312.834     33.769    277.201     149.998    0.130000
373     0.002744099     0.001648806     312.751     33.585    273.545     149.907    0.130000
374     0.002733015     0.001726756     311.624     33.494    273.925     149.926    0.140000
375     0.002702527     0.001520480     314.511     33.994    276.581     149.851    0.130000
376     0.002540581     0.001622693     311.045     33.243    273.121     149.622    0.140000
377     0.002512722     0.001713073     312.873     33.803    273.458     149.954    0.140000
378     0.002637179     0.001580220     314.147     33.745    275.291     149.811    0.130000
379     0.002585179     0.001647774     312.141     33.450    276.257     149.975    0.140000
380     0.002685289     0.001640897     315.677     34.256    272.890     149.796    0.130000
381     0.002578823     0.001546369     314.394     33.917    273.079     149.794    0.140000
382     0.002419790     0.001479315     314.622     33.935    274.288     149.531    0.140000
383     0.002327570     0.001499434     311.427     31.970    269.029     149.621    0.130000
384     0.002501997     0.001834363     311.376     31.936    269.547     149.890    0.130000
385     0.002836018     0.001802133     311.100     32.099    272.704     149.983    0.140000
386     0.002549524     0.001841016     318.954     33.769    271.126     149.948    0.140000
387     0.002503368     0.001624689     318.880     33.527    271.265     149.254    0.130000
388     0.002210372     0.001510964     319.359     33.962    272.211     149.554    0.140000
389     0.002230301     0.001656462     319.709     33.853    269.944     149.073    0.130000
390     0.002213644     0.001627105     318.838     33.995    272.039     149.699    0.130000
391     0.002494903     0.001577748     318.415     33.943    270.721     149.412    0.140000
392     0.002353397     0.001613517     315.566     33.079    271.765     149.374    0.140000
393     0.002261664     0.001627261     318.592     33.980    271.271     149.527    0.140000
394     0.002326478     0.001471541     313.428     32.761    272.318     149.899    0.130000
395     0.002672318     0.001658272     314.498     32.807    271.197     149.881    0.130000
396     0.002529607     0.001741842     313.263     32.836    267.307     149.647    0.140000
397     0.002453475     0.001741673     314.549     32.856    266.327     149.234    0.140000
398     0.002123775     0.001762853     317.476     33.585    267.979     149.994    0.130000
399     0.002649375     0.001704487     314.378     33.066    271.307     149.059    0.130000
400     0.002046213     0.001650706     314.080     32.805    270.558     148.940    0.130000
401     0.002130848     0.001649310     314.008     32.657    270.981     149.371    0.130000
402     0.002262997     0.001780472     317.480     33.477    271.007     149.306    0.130000
403     0.002351234     0.001641657     320.383     34.241    270.554     149.454    0.140000
404     0.002386151     0.001649315     320.729     34.223    269.569     149.787    0.140000
405     0.002456528     0.001572751     320.670     34.193    270.818     149.968    0.140000
406     0.002746730     0.001582520     322.898     34.763    268.011     149.384    0.130000
407     0.002208594     0.001543718     322.243     34.688    268.595     149.385    0.140000
408     0.002360210     0.001550455     320.691     35.269    269.547     149.346    0.140000
409     0.002156034     0.001569976     322.490     34.307    269.501     149.770    0.130000
410     0.002510487     0.001539299     322.002     33.663    268.459     149.667    0.130000
411     0.002438443     0.001555673     322.303     33.687    266.825     149.187    0.140000
412     0.002147737     0.001588596     324.935     34.637    268.570     149.991    0.120000
413     0.002616429     0.001614439     323.629     34.004    268.014     149.749    0.150000
414     0.002475144     0.001510903     323.538     34.041    267.390     149.909    0.130000
415     0.002761381     0.001627508     323.205     33.890    266.385     149.849    0.130000
416     0.002673811     0.001561788     321.522     33.501    263.723     149.977    0.130000
417     0.002676524     0.001566414     322.836     34.033    266.464     149.868    0.150000
418     0.002589907     0.001610927     320.912     33.465    266.198     149.323    0.130000
419     0.002315862     0.001600491     323.602     34.186    266.826     149.709    0.140000
420     0.002550011     0.001634411     318.424     34.576    263.165     149.688    0.130000
421     0.002328864     0.001611874     317.004     32.842    267.551     149.945    0.130000
422     0.002641658     0.001625419     316.282     34.486    269.008     149.906    0.140000
423     0.002542309     0.001589083     318.256     35.143    265.868     149.479    0.140000
424     0.002339690     0.001561079     315.572     34.785    262.970     149.235    0.130000
425     0.002166075     0.001555382     320.750     35.005    267.906     149.797    0.140000
426     0.002291661     0.001514609     315.745     35.306    267.136     149.419    0.130000
427     0.002394093     0.001579919     320.035     35.330    268.035     149.984    0.140000
428     0.002671155     0.001521932     314.004     35.202    267.142     149.724    0.130000
429     0.002610653     0.001504353     315.710     35.636    262.373     149.705    0.140000
430     0.002420640     0.001525718     314.135     35.809    267.138     149.984    0.140000
431     0.002824743     0.001508586     313.370     35.689    266.121     149.890    0.130000
432     0.002486433     0.001532622     313.912     36.076    262.975     149.444    0.140000
433     0.002321171     0.001603148     318.443     36.626    266.327     149.700    0.130000
434     0.002560834     0.001595885     311.995     36.018    266.720     149.825    0.140000
435     0.002625945     0.001487465     312.326     36.460    266.967     149.902    0.140000
436     0.002507219     0.001513077     311.360     36.365    265.733     149.961    0.140000
437     0.002759311     0.001506273     312.290     37.158    264.642     149.855    0.120000
438     0.002489088     0.001547571     312.549     37.469    264.644     149.744    0.140000
439     0.002434538     0.001502255     310.847     37.533    265.584     149.734    0.140000
440     0.002471631     0.001522085     312.264     38.065    267.830     149.834    0.130000
441     0.002496294     0.001584024     310.034     37.706    263.345     149.304    0.140000
442     0.002237835     0.001443752     310.127     37.619    265.146     149.911    0.130000
443     0.002622698     0.001460291     310.588     38.173    261.906     149.543    0.140000
444     0.002288829     0.001509241     308.644     37.797    264.446     149.676    0.140000
445     0.002440889     0.001515309     309.773     38.017    266.293     149.927    0.140000
446     0.002536777     0.001483135     310.551     38.590    261.791     149.712    0.130000
447     0.002428387     0.001518249     308.773     36.497    262.961     149.916    0.130000
448     0.002714960     0.001293866     308.269     38.015    261.509     149.237    0.140000
449     0.002081062     0.001603381     314.040     38.601    263.538     149.644    0.130000
450     0.002451831     0.001637839     310.819     39.048    263.379     149.887    0.140000
451     0.002615245     0.001531496     310.583     38.705    262.737     149.900    0.130000
452     0.002678337     0.001449402     309.824     38.916    259.594     149.924    0.140000
453     0.002400926     0.001504552     310.201     38.989    257.019     149.556    0.140000
454     0.002377602     0.001507732     312.567     39.870    258.903     149.934    0.130000
455     0.002640238     0.001625586     315.843     39.824    260.415     149.812    0.140000
456     0.002476725     0.001499733     310.566     39.605    258.010     149.560    0.130000
457     0.002368381     0.001483239     311.790     39.994    260.237     149.827    0.140000
458     0.002586833     0.001545595     311.753     39.933    261.291     149.539    0.130000
459     0.002456145     0.001486027     311.666     39.817    256.582     149.939    0.130000
460     0.002506005     0.001457057     317.991     39.625    257.792     149.613    0.140000
461     0.002456721     0.001445628     318.083     39.850    259.180     149.999    0.130000
462     0.002686281     0.001525929     317.645     39.996    260.602     149.994    0.140000
463     0.002984609     0.001519341     314.877     39.839    256.632     149.988    0.130000
464     0.002763384     0.001498849     314.579     39.878    258.988     149.807    0.130000
465     0.002331477     0.001490906     316.070     40.410    259.620     149.986    0.140000
466     0.002738287     0.001544403     314.638     39.803    263.507     149.989    0.130000
467     0.002721661     0.001425936     320.894     41.509    262.700     149.952    0.140000
468     0.002642376     0.001687941     317.049     40.650    265.328     149.884    0.130000
469     0.002528153     0.001491354     317.415     40.438    263.625     149.622    0.140000
470     0.002456489     0.001510277     316.650     39.886    262.834     149.964    0.140000
471     0.002432141     0.001431303     317.116     39.883    263.619     149.919    0.130000
472     0.002858707     0.001481544     322.862     41.361    265.971     149.872    0.130000
473     0.002624039     0.001626377     318.650     40.035    263.558     149.776    0.130000
474     0.002713728     0.001396478     318.241     39.397    264.023     149.994    0.140000
475     0.002710947     0.001474632     319.254     40.006    267.506     149.726    0.130000
476     0.002407466     0.001518830     324.636     41.293    262.105     149.951    0.130000
477     0.002616931     0.001644901     320.606     40.264    267.326     149.704    0.140000
478     0.002515614     0.001443695     326.103     41.641    268.572     149.791    0.130000
479     0.002655878     0.001574255     320.039     40.305    267.583     149.941    0.150000
480     0.002715965     0.001458528     325.009     40.705    269.137     149.876    0.120000
481     0.002706803     0.001530234     324.288     40.457    268.947     149.878    0.140000
482     0.002691217     0.001480896     325.680     41.794    270.667     149.833    0.120000
483     0.002503648     0.001620288     326.058     41.071    269.640     149.851    0.150000
484     0.002635059     0.001463996     325.711     41.069    267.660     149.963    0.120000
485     0.002514399     0.001477872     325.792     40.591    272.765     149.995    0.140000
486     0.002953717     0.001474414     326.058     41.057    270.941     149.822    0.140000
487     0.002502472     0.001516975     320.385     40.718    270.608     149.682    0.130000
488     0.002680300     0.001471938     320.821     40.933    271.694     149.775    0.130000
489     0.002478691     0.001524366     321.856     41.202    269.041     149.901    0.140000
490     0.002558808     0.001497930     326.379     41.512    272.155     149.911    0.130000
491     0.002506273     0.001492764     326.968     42.795    268.453     149.994    0.130000
492     0.002736860     0.001662455     327.533     43.229    270.916     149.974    0.130000
493     0.002570973     0.001475890     326.961     43.065    269.507     149.805    0.140000
494     0.002453752     0.001458846     327.427     43.208    271.595     149.996    0.130000
495     0.002784576     0.001473790     327.799     43.356    269.631     149.749    0.130000
496     0.002433813     0.001446919     326.698     42.578    270.915     149.971    0.130000
497     0.002637441     0.001410309     325.655     42.343    271.123     149.841    0.130000
498     0.002447728     0.001508527     326.752     42.884    269.710     149.928    0.130000
499     0.002805933     0.001586967     325.253     42.144    269.575     149.968    0.140000
500     0.002586404     0.001532093     326.365     42.762    271.650     149.891    0.130000
501     0.002644893     0.001469368     325.419     42.700    268.638     149.623    0.130000
502     0.002473284     0.001491441     326.056     42.640    270.745     149.911    0.150000
503     0.002668640     0.001477582     326.404     42.955    271.272     149.933    0.130000
504     0.002710580     0.001504288     320.669     40.991    267.290     149.832    0.130000
505     0.002512653     0.001377607     326.479     43.187    267.556     149.927    0.140000
506     0.002571070     0.001698866     326.046     42.844    267.443     149.916    0.140000
507     0.002557716     0.001500677     321.480     40.765    270.673     149.563    0.130000
508     0.002371871     0.001378999     325.775     42.841    271.923     149.778    0.130000
509     0.002603948     0.001836892     326.537     43.108    270.537     149.886    0.150000
510     0.002618869     0.001545847     325.996     42.904    268.497     149.469    0.130000
511     0.002293472     0.001455470     325.845     42.797    271.222     149.865    0.140000
512     0.002689191     0.001483667     326.157     43.304    268.793     149.418    0.130000
513     0.002268110     0.001511253     326.997     43.362    268.961     149.852    0.140000
514     0.002649390     0.001489749     326.468     43.357    270.235     149.976    0.130000
515     0.002493841     0.001463474     320.356     40.763    269.364     149.555    0.140000
516     0.002306356     0.001388023     327.041     44.053    270.397     149.783    0.130000
517     0.002413463     0.001884190     326.539     43.708    271.216     149.991    0.130000
518     0.002827124     0.001534236     326.946     43.666    267.448     149.995    0.140000
519     0.002703746     0.001412768     326.627     43.284    268.762     149.903    0.120000
520     0.002640923     0.001383563     320.418     40.285    268.533     149.791    0.130000
521     0.002670255     0.001373300     327.640     44.290    268.283     149.700    0.140000
522     0.002367768     0.002181643     327.139     43.839    267.066     149.843    0.140000
523     0.002315662     0.001498023     326.925     43.693    269.726     149.971    0.120000
524     0.002641296     0.001508727     326.891     43.726    269.387     149.861    0.140000
525     0.002639535     0.001579901     326.804     43.815    270.167     149.975    0.140000
526     0.002768660     0.001485583     327.553     44.507    267.618     149.796    0.130000
527     0.002455899     0.001556727     322.717     44.057    269.023     149.898    0.130000
528     0.002760371     0.001496652     323.641     44.451    266.810     149.826    0.140000
529     0.002645174     0.001569768     326.481     45.384    266.125     149.956    0.140000
530     0.002677002     0.001534861     323.184     44.084    268.454     149.930    0.130000
531     0.002808447     0.001409762     326.368     43.466    261.386     149.741    0.120000
532     0.002709885     0.001441029     322.402     43.668    261.234     149.808    0.140000
533     0.002443756     0.001469148     324.136     44.208    259.109     149.906    0.140000
534     0.002609051     0.001503001     323.512     44.014    266.745     149.938    0.130000
535     0.002857708     0.001534900     324.195     44.226    267.929     149.946    0.120000
536     0.002625729     0.001598906     323.150     43.284    265.841     149.982    0.140000
537     0.002660804     0.001479111     328.376     43.571    262.917     149.783    0.140000
538     0.002518528     0.001551359     325.743     44.054    268.760     149.888    0.130000
539     0.002700862     0.001553620     328.019     43.215    264.431     149.917    0.130000
540     0.002597017     0.001486296     325.704     43.712    266.373     149.594    0.120000
541     0.002357424     0.001534978     324.747     43.202    255.294     149.730    0.140000
542     0.002619131     0.001448702     324.367     43.317    265.526     149.952    0.120000
543     0.002660282     0.001509632     326.545     43.873    263.829     149.829    0.120000
544     0.002391357     0.001513978     325.360     43.331    264.576     149.821    0.130000
545     0.002517252     0.001462164     330.894     45.045    263.378     149.770    0.130000
546     0.002576568     0.001627162     330.282     44.858    262.925     149.990    0.130000
547     0.002828829     0.001531737     330.364     43.652    257.024     149.911    0.120000
548     0.002579284     0.001469523     330.769     43.716    257.537     149.797    0.130000
549     0.002490111     0.001463952     328.491     43.019    254.320     149.820    0.140000
550     0.002484101     0.001441590     328.991     43.200    263.413     149.412    0.140000
551     0.002306915     0.001471206     330.260     43.484    261.947     149.443    0.120000
552     0.002217283     0.001499510     330.334     45.145    267.190     149.989    0.130000
553     0.002739576     0.001675342     329.551     43.728    268.471     149.892    0.140000
554     0.002595425     0.001409632     330.545     43.958    266.569     149.783    0.130000
555     0.002651489     0.001472726     328.570     43.738    263.073     149.923    0.130000
556     0.002633385     0.001478971     322.424     40.953    267.777     149.951    0.140000
557     0.002696799     0.001305164     326.480     43.142    260.157     149.595    0.140000
558     0.002360759     0.001585933     323.264     41.574    270.632     149.323    0.120000
559     0.002229983     0.001451648     322.547     41.569    272.634     149.723    0.130000
560     0.002596396     0.001434539     322.961     41.621    271.961     149.923    0.140000
561     0.002696998     0.001474196     325.344     43.001    273.516     149.582    0.130000
562     0.002355395     0.001632254     323.580     42.529    273.445     149.849    0.140000
563     0.002652758     0.001453704     322.741     42.435    273.397     149.866    0.140000
564     0.002689852     0.001503192     324.526     43.157    272.902     149.805    0.120000
565     0.002460848     0.001548979     323.270     42.704    275.758     149.914    0.150000
566     0.002777035     0.001540560     323.092     42.754    276.267     149.852    0.130000
567     0.002542395     0.001489511     327.697     44.856    275.563     149.847    0.140000
568     0.002477307     0.001773611     326.080     44.119    274.987     149.930    0.130000
569     0.002681263     0.001487484     325.635     43.974    273.100     149.810    0.140000
570     0.002707289     0.001467265     328.553     44.833    273.249     149.947    0.140000
571     0.002556942     0.001587387     327.515     44.263    272.101     149.935    0.130000
572     0.002606723     0.001457720     326.189     43.876    272.338     149.931    0.130000
573     0.002692012     0.001474589     327.697     42.203    269.674     149.727    0.140000
574     0.002509154     0.001454598     326.378     41.838    269.349     149.914    0.140000
575     0.002752457     0.001481955     325.599     45.266    267.095     149.683    0.130000
576     0.002398052     0.001983660     327.122     41.849    268.944     149.904    0.140000
577     0.002666255     0.001368223     328.620     42.263    268.980     149.888    0.140000
578     0.002572554     0.001618001     328.246     42.106    265.509     149.645    0.120000
579     0.002492740     0.001471996     327.374     41.344    263.542     149.734    0.140000
580     0.002614179     0.001440509     327.367     41.522    261.801     149.791    0.140000
581     0.002415613     0.001541270     329.797     42.067    261.123     149.903    0.130000
582     0.002722477     0.001547685     327.670     41.174    257.043     149.734    0.140000
583     0.002601175     0.001497782     328.736     41.570    268.064     149.959    0.130000
584     0.002502172     0.001531928     328.933     41.247    269.142     149.831    0.140000
585     0.002472535     0.001464036     329.031     41.263    269.306     149.967    0.130000
586     0.002558104     0.001523791     329.836     41.273    261.236     149.671    0.130000
587     0.002567885     0.001527108     330.563     41.780    266.591     149.971    0.130000
588     0.002658305     0.001557401     327.219     39.895    258.736     149.967    0.130000
589     0.002791408     0.001471727     330.633     41.614    257.043     149.955    0.130000
590     0.002620437     0.001744889     327.091     39.064    256.035     149.995    0.140000
591     0.002727534     0.001506985     327.290     39.043    254.902     149.984    0.130000
592     0.002590229     0.001510345     325.960     38.418    249.542     149.293    0.130000
593     0.002242328     0.001437999     322.837     37.441    264.048     149.976    0.140000
