fNo.       mw1            mw2        best1.x[0]     best1.theta     best2.x[0]   best2.theta   t/frame
0     0.000000000     0.000000000     236.040     33.192    248.154     152.490    0.410000
1     0.270535231     0.052681677     238.465     147.557    338.537     33.842    0.020000
2     0.029916137     0.024837410     238.881     149.972    339.828     31.399    0.000000
3     0.051815242     0.035802938     238.709     149.666    326.751     30.597    0.020000
4     0.034207512     0.038911015     240.351     149.090    335.942     30.331    0.010000
5     0.033243682     0.034929998     245.784     149.857    341.628     31.319    0.010000
6     0.035107452     0.035402719     242.041     149.493    340.713     30.178    0.010000
7     0.034192476     0.045175686     239.711     149.114    288.920     38.141    0.010000
8     0.025647683     0.051530924     291.123     42.490    239.913     149.510    0.010000
9     0.035806388     0.037532218     290.549     41.599    239.781     148.921    0.010000
10     0.032531250     0.025125137     291.521     40.976    237.883     148.101    0.010000
11     0.026829179     0.018244507     298.100     42.090    237.820     146.691    0.020000
12     0.021147145     0.026456039     297.827     40.238    235.987     147.242    0.000000
13     0.023353210     0.022504972     293.361     39.408    246.255     149.324    0.020000
14     0.037707567     0.021159310     293.684     36.319    242.870     149.788    0.000000
15     0.038501237     0.024065778     297.834     37.163    238.574     149.175    0.010000
16     0.039746363     0.024139598     302.467     39.800    243.923     149.113    0.020000
17     0.042287085     0.028959163     306.656     40.613    246.635     149.216    0.000000
18     0.040689614     0.025151515     300.309     35.317    247.300     149.958    0.020000
19     0.032822192     0.023651358     303.541     37.826    250.737     149.726    0.010000
20     0.046315510     0.030370690     304.322     36.528    249.299     149.990    0.010000
21     0.043451875     0.020873703     313.099     41.159    252.622     149.817    0.010000
22     0.038123481     0.036377028     314.414     41.005    252.080     149.263    0.010000
23     0.025315277     0.024267323     317.513     40.767    248.537     148.955    0.010000
24     0.038989060     0.028179828     312.272     38.578    243.689     149.998    0.010000
25     0.045357365     0.024081476     312.571     38.931    259.013     149.246    0.010000
26     0.043558188     0.023070036     314.545     37.142    255.217     149.952    0.010000
27     0.051169515     0.024166724     318.434     40.253    257.506     149.760    0.010000
28     0.037217781     0.032505624     320.325     40.723    266.845     149.650    0.020000
29     0.043238632     0.026941745     317.465     39.561    254.595     149.399    0.010000
30     0.038165942     0.025661033     313.736     38.739    270.187     148.710    0.010000
31     0.026407547     0.028172687     324.808     41.889    269.014     149.284    0.000000
32     0.034505438     0.034878120     325.835     41.948    267.979     146.924    0.010000
33     0.029381176     0.021948809     324.985     40.618    268.933     149.162    0.020000
34     0.037664656     0.018710073     326.054     40.771    278.726     148.289    0.010000
35     0.027908802     0.028484097     326.863     40.742    278.943     148.833    0.010000
36     0.035381082     0.018124081     327.159     40.563    279.056     148.198    0.010000
37     0.031984299     0.023851875     316.693     35.275    281.035     149.853    0.010000
38     0.061468355     0.021701589     329.905     40.334    279.685     147.683    0.010000
39     0.035219211     0.037865333     325.654     38.213    283.032     147.483    0.020000
40     0.025897058     0.022971576     331.360     39.804    285.596     149.535    0.000000
41     0.039565329     0.025989393     337.814     42.450    280.477     149.411    0.010000
42     0.037676044     0.024573579     329.492     38.590    287.732     149.829    0.010000
43     0.037008725     0.026133038     337.249     39.985    287.479     149.799    0.020000
44     0.064846478     0.029531591     324.197     36.250    287.645     147.342    0.010000
45     0.030907109     0.021798657     323.403     34.255    285.630     147.876    0.010000
46     0.028680628     0.026936017     328.854     35.589    285.872     149.696    0.010000
47     0.044630367     0.026027806     327.374     36.807    287.309     148.301    0.000000
48     0.035628885     0.023204159     334.091     38.618    287.718     148.670    0.010000
49     0.032925583     0.032212533     328.188     36.696    286.180     148.222    0.020000
50     0.033575505     0.022286966     329.063     36.770    287.118     147.212    0.010000
51     0.021045178     0.023185952     334.263     37.869    287.380     147.892    0.010000
52     0.027808644     0.027288601     327.330     35.896    273.406     145.536    0.010000
53     0.022996683     0.024871362     328.688     36.667    286.626     147.162    0.010000
54     0.027225861     0.024813119     323.091     34.838    270.745     144.717    0.010000
55     0.024561988     0.029011572     320.766     33.578    269.257     144.602    0.010000
56     0.022032846     0.023930963     329.461     37.128    268.777     143.194    0.010000
57     0.020852786     0.027595816     326.637     36.108    273.285     144.735    0.010000
58     0.022832114     0.025950247     330.212     37.477    285.833     147.268    0.010000
59     0.030777128     0.030125329     323.914     35.628    269.359     142.806    0.020000
60     0.019861255     0.021881664     323.433     36.046    284.531     145.742    0.000000
61     0.034387577     0.023682892     324.045     35.854    264.433     142.107    0.020000
62     0.024467552     0.021931022     321.052     33.597    271.396     144.613    0.010000
63     0.025942869     0.026524421     312.595     31.887    265.741     141.787    0.000000
64     0.021802876     0.024244923     319.892     35.170    285.449     146.459    0.020000
65     0.034034763     0.025951102     310.884     31.772    281.479     146.783    0.000000
66     0.028882466     0.026439749     312.372     33.825    286.095     144.787    0.010000
67     0.021275738     0.022295669     312.552     34.008    284.097     146.792    0.020000
68     0.027182315     0.026944688     315.007     33.822    287.844     146.123    0.010000
69     0.025367986     0.025500445     309.826     33.490    287.250     146.852    0.010000
70     0.024800867     0.030386347     317.636     35.937    286.163     146.033    0.010000
71     0.021291137     0.027689165     314.731     34.415    287.190     145.797    0.010000
72     0.026221573     0.025750788     313.678     35.178    285.412     146.711    0.010000
73     0.028832749     0.026828289     309.404     32.964    285.220     143.387    0.010000
74     0.022394639     0.030263161     300.930     31.433    283.710     145.983    0.010000
75     0.020508572     0.038553670     303.675     33.359    283.469     145.580    0.010000
76     0.024675524     0.028518852     296.823     30.371    287.222     142.576    0.010000
77     0.023149624     0.034888476     297.621     31.044    287.249     146.190    0.020000
78     0.031415887     0.027920596     306.119     34.047    286.482     145.282    0.000000
79     0.021010464     0.030001823     303.107     33.249    287.723     143.287    0.020000
80     0.020497603     0.023862531     299.480     31.919    285.634     142.086    0.010000
81     0.018520327     0.031581208     308.862     33.989    287.432     145.278    0.010000
82     0.028301297     0.032152213     296.066     31.291    286.208     145.025    0.010000
83     0.031519953     0.028044097     300.726     32.858    287.877     145.689    0.010000
84     0.023962682     0.023235681     308.945     35.677    287.509     145.602    0.010000
85     0.023894552     0.030381940     300.095     33.485    286.362     146.801    0.010000
86     0.031764355     0.026482269     303.047     34.258    285.989     145.983    0.010000
87     0.029880622     0.027739894     294.946     31.831    287.768     146.877    0.010000
88     0.030016469     0.030099025     294.301     32.193    285.948     146.572    0.010000
89     0.023477037     0.040545743     300.116     33.901    287.679     147.310    0.020000
90     0.032104451     0.025068173     292.374     32.314    285.028     146.120    0.000000
91     0.022064108     0.022842554     294.946     32.448    284.826     147.591    0.010000
92     0.033194914     0.026877623     295.023     31.653    285.545     147.209    0.010000
93     0.031404130     0.033802759     291.238     30.608    286.842     145.866    0.010000
94     0.023043282     0.047246646     291.854     31.410    284.737     147.404    0.010000
95     0.028763652     0.031077823     293.888     32.343    287.209     147.659    0.020000
96     0.034079127     0.026230782     296.021     31.974    284.678     144.681    0.000000
97     0.021429747     0.025032718     294.667     32.927    280.959     147.043    0.020000
98     0.028186511     0.020466125     296.149     33.606    282.462     144.512    0.010000
99     0.023351124     0.024826966     295.672     33.234    277.706     143.816    0.010000
100     0.020501815     0.027743565     297.303     33.555    278.266     147.671    0.010000
101     0.030757712     0.030901657     305.925     34.752    282.821     147.106    0.010000
102     0.027372025     0.030808182     298.864     31.622    279.797     146.849    0.020000
103     0.025425369     0.033052810     307.654     34.337    281.140     148.843    0.010000
104     0.033554167     0.027521158     303.958     33.190    268.300     147.117    0.010000
105     0.027482454     0.031686191     307.863     32.025    267.530     148.957    0.010000
106     0.029654847     0.030335916     309.326     33.046    279.727     149.640    0.000000
107     0.038768381     0.031069262     311.867     31.894    268.306     145.934    0.020000
108     0.021532064     0.030283108     315.404     33.601    251.388     146.019    0.010000
109     0.021962153     0.027621547     315.034     33.109    261.405     148.316    0.010000
110     0.040918570     0.032213848     317.695     32.662    240.850     144.451    0.010000
111     0.020466240     0.037209775     316.266     32.842    269.200     149.498    0.010000
112     0.033151392     0.030387282     319.237     33.176    254.456     149.603    0.010000
113     0.043903060     0.031494245     327.401     34.750    259.003     148.098    0.010000
114     0.027315559     0.022427058     321.509     32.683    253.410     149.119    0.010000
115     0.033538520     0.032955129     326.478     34.385    249.927     149.120    0.010000
116     0.028387191     0.024778342     325.827     33.844    254.050     149.581    0.010000
117     0.042742509     0.024107425     322.069     32.959    247.494     149.297    0.010000
118     0.037224058     0.027575230     316.374     30.272    251.234     148.722    0.010000
119     0.032759350     0.036526427     319.465     31.023    263.258     149.805    0.020000
120     0.040751953     0.033261824     322.552     34.103    264.570     149.660    0.000000
121     0.050619364     0.028652994     320.534     31.702    259.668     148.562    0.020000
122     0.036463343     0.025268395     316.397     32.403    256.033     148.850    0.010000
123     0.031896703     0.028799526     313.051     31.699    258.514     147.864    0.000000
124     0.024120629     0.032241136     313.892     32.653    271.190     149.767    0.010000
125     0.044786360     0.026531819     311.815     30.619    262.121     148.919    0.020000
126     0.032191869     0.042666100     320.573     34.924    271.503     149.757    0.010000
127     0.038382262     0.025939928     315.540     33.832    266.271     149.983    0.010000
128     0.040312067     0.021097448     311.537     31.127    262.867     147.965    0.000000
129     0.031598791     0.031091284     318.763     35.421    272.033     149.354    0.020000
130     0.029952956     0.031932194     312.752     32.000    266.542     146.536    0.010000
131     0.021820439     0.028936472     307.201     30.289    269.365     148.147    0.010000
132     0.039101675     0.042530481     313.648     33.468    268.876     149.894    0.010000
133     0.048469819     0.022313142     317.165     34.900    265.999     149.026    0.010000
134     0.031492013     0.030654585     317.407     34.486    268.734     149.607    0.010000
135     0.047419053     0.020832127     312.000     33.072    271.885     148.415    0.020000
136     0.036943983     0.024386583     312.657     33.882    277.062     149.430    0.010000
137     0.032743301     0.023786584     316.277     34.789    270.665     149.321    0.010000
138     0.037123565     0.028941287     313.047     33.699    267.990     148.665    0.010000
139     0.028638769     0.023182964     306.129     30.382    275.794     148.545    0.010000
140     0.030745430     0.039020721     312.410     33.496    277.344     149.649    0.000000
141     0.038543548     0.027648509     310.073     32.243    266.226     148.565    0.010000
142     0.035510000     0.024734490     310.194     31.350    268.971     148.159    0.010000
143     0.043441378     0.027388111     314.844     34.377    270.225     149.612    0.010000
144     0.035941821     0.024075627     311.230     33.625    271.200     149.115    0.020000
145     0.032344472     0.024909263     316.897     33.404    270.892     149.895    0.000000
146     0.044030797     0.030811323     321.164     34.937    273.742     148.052    0.020000
147     0.028423807     0.026071981     317.774     34.251    271.749     149.708    0.010000
148     0.047361873     0.025295123     308.573     32.438    268.342     147.431    0.010000
149     0.026525183     0.022462642     310.602     31.494    271.424     147.436    0.010000
150     0.036892142     0.037086949     310.078     32.731    272.533     148.892    0.010000
151     0.036313493     0.028234873     311.765     34.132    272.674     148.425    0.010000
152     0.028110234     0.023375623     309.998     33.127    274.909     147.781    0.010000
153     0.027280597     0.028265160     313.050     34.098    275.425     148.529    0.010000
154     0.033901490     0.028342538     309.112     33.123    285.365     148.795    0.010000
155     0.025169102     0.027629478     309.353     33.188    278.840     148.427    0.010000
156     0.030654771     0.021968862     307.704     32.583    278.335     149.264    0.020000
157     0.040272657     0.026553843     308.965     33.124    273.839     147.706    0.000000
158     0.025037525     0.026570477     310.428     32.516    276.676     148.855    0.010000
159     0.031378057     0.023879863     313.510     33.923    271.315     147.262    0.010000
160     0.028486531     0.024459878     312.625     33.543    275.859     147.287    0.020000
161     0.023051299     0.026891060     309.280     32.820    279.283     149.409    0.010000
162     0.041957069     0.028132290     305.368     32.147    279.364     149.516    0.000000
163     0.042401023     0.027043952     318.654     34.776    275.886     147.804    0.020000
164     0.024365148     0.032488920     307.026     30.615    276.827     147.316    0.010000
165     0.022966117     0.038728371     309.193     32.349    283.788     149.667    0.010000
166     0.041055385     0.029404327     307.916     32.052    275.447     146.892    0.010000
167     0.024872655     0.033722024     318.991     35.031    277.203     147.885    0.010000
168     0.026751477     0.025024716     284.630     149.982    314.651     31.932    0.010000
169     0.047867727     0.026306361     315.773     33.574    280.286     148.033    0.010000
170     0.024752257     0.032067269     306.123     31.887    275.152     147.465    0.010000
171     0.023672448     0.031515930     313.646     32.842    276.832     148.096    0.020000
172     0.037770521     0.026891647     303.342     30.290    283.472     148.853    0.010000
173     0.033088706     0.038021222     300.667     30.210    273.288     145.951    0.010000
174     0.019379143     0.053017590     308.188     31.187    284.158     148.701    0.000000
175     0.035708573     0.033699486     319.318     33.376    276.929     146.469    0.010000
176     0.021759020     0.025477258     310.775     31.404    281.430     149.510    0.020000
177     0.034943774     0.026677189     314.164     32.156    274.989     146.855    0.010000
178     0.025724893     0.037605353     278.105     148.389    316.403     32.096    0.010000
179     0.033166971     0.028217349     308.739     30.818    278.235     146.617    0.010000
180     0.022869982     0.032101572     309.531     30.929    277.778     148.730    0.000000
181     0.037125617     0.036593858     305.665     30.283    278.456     148.309    0.010000
182     0.034240745     0.033504598     307.633     30.363    278.211     147.528    0.020000
183     0.019408705     0.043490268     310.477     31.128    280.658     149.172    0.000000
184     0.039803680     0.043389976     315.034     31.745    269.154     145.847    0.020000
185     0.023308605     0.035671316     313.302     31.591    280.638     148.909    0.010000
186     0.033002675     0.034008984     313.506     31.152    274.262     147.518    0.010000
187     0.029551638     0.030672289     306.251     30.043    285.314     149.515    0.010000
188     0.034889873     0.046795268     311.192     31.137    276.378     148.104    0.010000
189     0.032348305     0.033252086     313.038     30.916    272.106     145.003    0.020000
190     0.020813663     0.035263263     326.554     33.004    270.090     144.929    0.010000
191     0.023967886     0.033094972     307.888     30.726    275.320     147.756    0.010000
192     0.037368838     0.040065024     312.324     31.825    275.107     146.120    0.010000
193     0.027920611     0.028869133     282.104     148.986    312.478     30.013    0.010000
194     0.035922896     0.039085690     307.758     30.306    272.847     145.221    0.010000
195     0.020136783     0.042415231     283.476     149.263    314.305     31.360    0.010000
196     0.043461218     0.035959344     305.619     30.294    271.135     145.607    0.010000
197     0.019530190     0.046476539     317.248     32.138    268.615     144.761    0.010000
198     0.024474395     0.040893685     311.237     31.072    273.496     146.077    0.010000
199     0.024876053     0.030245151     276.925     147.659    313.717     30.322    0.010000
200     0.028333023     0.032915365     313.831     31.728    281.583     147.312    0.010000
201     0.023340868     0.025621092     311.900     31.113    281.271     148.223    0.010000
202     0.025759174     0.036136221     284.001     147.871    309.790     31.494    0.020000
203     0.029133614     0.030146295     311.613     31.328    280.065     146.712    0.010000
204     0.024000425     0.032784622     281.034     146.867    313.102     31.336    0.000000
205     0.029515473     0.038806356     283.774     147.907    323.783     32.410    0.010000
206     0.030942854     0.028194977     285.345     147.927    309.069     30.246    0.010000
207     0.033460621     0.051185567     309.436     30.681    271.604     146.296    0.020000
208     0.020924922     0.032693397     316.972     30.839    280.498     149.155    0.010000
209     0.034533501     0.040480353     283.600     147.550    313.456     31.312    0.010000
210     0.027521631     0.026632700     320.595     32.742    286.991     148.335    0.010000
211     0.030790523     0.027733767     281.465     146.916    309.994     31.146    0.010000
212     0.024115942     0.038272984     312.340     31.386    281.445     148.488    0.010000
213     0.039923217     0.034395292     276.528     146.754    319.261     32.258    0.010000
214     0.025108170     0.032130815     318.679     31.234    278.993     145.661    0.010000
215     0.021476887     0.031603657     318.170     32.132    283.732     148.745    0.010000
216     0.039144464     0.031058390     270.281     145.395    326.065     34.168    0.020000
217     0.023191428     0.027967161     273.956     145.573    331.315     33.861    0.000000
218     0.024892267     0.020366130     283.539     147.549    328.392     33.159    0.020000
219     0.031874161     0.024075266     319.989     30.347    286.440     148.335    0.010000
220     0.026793635     0.039378472     286.203     148.295    320.878     31.779    0.000000
221     0.029840494     0.026389074     325.568     31.349    285.051     148.201    0.020000
222     0.028714955     0.038597431     328.821     32.401    284.465     147.654    0.010000
223     0.026020819     0.028426742     325.113     31.830    282.401     147.247    0.010000
224     0.026589923     0.032781877     318.881     31.067    282.478     149.108    0.010000
225     0.041714996     0.030693756     330.037     32.192    277.923     146.218    0.010000
226     0.023105193     0.040738154     322.045     30.992    274.087     146.863    0.010000
227     0.023321288     0.039720658     319.639     30.281    275.373     146.310    0.010000
228     0.026332045     0.042856932     280.027     147.031    334.656     32.633    0.010000
229     0.030158417     0.030205047     324.110     30.531    269.958     145.713    0.010000
230     0.022371696     0.031907592     286.806     148.417    326.177     31.319    0.010000
231     0.034998160     0.029024744     322.599     30.292    283.436     147.453    0.020000
232     0.026672436     0.031771000     278.855     146.538    330.099     32.400    0.000000
233     0.025428895     0.029976700     282.954     147.594    321.636     30.585    0.020000
234     0.029421691     0.031119842     276.021     146.529    333.685     33.122    0.010000
235     0.029004242     0.027908102     270.836     145.158    339.619     33.739    0.000000
236     0.027218658     0.024472125     323.132     30.362    278.393     145.903    0.020000
237     0.025711339     0.042109076     321.554     31.152    266.135     142.614    0.010000
238     0.019759355     0.046469055     323.025     30.273    267.387     143.510    0.010000
239     0.024623079     0.045491733     265.242     142.782    322.152     30.836    0.010000
240     0.019476857     0.049143985     268.776     143.808    326.249     31.628    0.010000
241     0.022053389     0.026679652     283.066     147.960    325.127     30.882    0.010000
242     0.034897666     0.049822953     273.512     145.961    314.168     30.389    0.010000
243     0.026570790     0.044749849     272.687     145.351    315.630     30.455    0.020000
244     0.020635415     0.038520649     318.028     30.111    286.887     147.792    0.000000
245     0.029848836     0.049264859     315.935     30.176    279.171     146.542    0.010000
246     0.023413824     0.035203099     279.455     146.780    323.718     31.050    0.010000
247     0.025868349     0.046350114     284.188     147.493    323.502     31.404    0.020000
248     0.029710965     0.044824317     270.235     143.583    312.412     30.679    0.000000
249     0.019397022     0.036532521     270.914     144.128    321.781     30.158    0.020000
250     0.028719280     0.044664972     317.406     30.167    266.618     143.013    0.010000
251     0.021062287     0.040173713     311.704     30.282    266.954     142.646    0.010000
252     0.021774663     0.036380485     266.862     143.109    322.050     32.502    0.010000
253     0.022615606     0.022873294     309.677     30.256    263.997     142.191    0.010000
254     0.020272149     0.035305668     310.079     30.090    265.981     143.063    0.020000
255     0.023204856     0.039498176     314.049     30.381    263.643     142.944    0.000000
256     0.025616685     0.033849910     311.873     30.276    265.168     142.838    0.010000
257     0.021017883     0.044382140     316.109     30.687    263.162     142.164    0.020000
258     0.023227725     0.036626477     270.535     144.452    321.048     31.021    0.000000
259     0.020886121     0.029645249     268.291     144.932    325.234     32.871    0.020000
260     0.020297183     0.027072193     314.311     30.020    269.866     145.076    0.000000
261     0.021875314     0.045696788     315.835     30.607    262.358     143.078    0.020000
262     0.020961160     0.036963750     318.833     32.049    254.090     141.324    0.010000
263     0.022067385     0.038667761     257.840     142.380    312.499     31.464    0.010000
264     0.021269498     0.028010828     313.939     30.708    261.885     143.392    0.010000
265     0.024966564     0.033575591     314.538     30.302    254.608     139.918    0.010000
266     0.023802659     0.035418581     312.082     30.106    250.203     139.039    0.000000
267     0.020491993     0.061740287     310.430     30.127    248.657     139.401    0.020000
268     0.022708248     0.039759196     317.226     31.709    244.060     139.495    0.010000
269     0.021584742     0.031766102     314.722     32.191    236.335     137.351    0.010000
270     0.019159498     0.025551105     324.471     33.158    248.101     140.205    0.020000
271     0.025236487     0.031222401     310.519     30.297    251.062     141.448    0.000000
272     0.030798821     0.038970560     314.390     31.604    244.687     140.072    0.010000
273     0.020712040     0.033238407     314.862     31.630    241.598     140.335    0.010000
274     0.020429106     0.029643556     311.276     31.094    234.751     140.578    0.010000
275     0.022010101     0.037088741     311.152     31.164    235.066     140.233    0.020000
276     0.022402262     0.045082811     307.988     30.452    238.636     144.829    0.010000
277     0.028652182     0.036568534     306.391     31.448    236.117     145.303    0.010000
278     0.023468528     0.042743333     308.159     30.530    227.761     146.261    0.000000
279     0.027230585     0.037850946     309.069     30.429    253.616     149.911    0.020000
280     0.062003378     0.050735097     307.626     31.221    236.741     148.856    0.000000
281     0.042016786     0.032915745     303.851     30.340    232.512     149.629    0.020000
282     0.032149926     0.039888486     311.953     30.756    234.571     149.927    0.010000
283     0.032646555     0.033464223     303.817     30.234    229.412     149.663    0.010000
284     0.037922695     0.035498489     309.631     31.070    234.160     149.679    0.010000
285     0.037306935     0.029724298     303.215     30.157    230.570     149.724    0.010000
286     0.035805259     0.039071899     307.195     30.473    232.729     148.674    0.010000
287     0.033903293     0.037466392     304.175     30.999    236.165     149.354    0.020000
288     0.034061462     0.031143475     311.210     31.757    227.152     149.539    0.000000
289     0.033277161     0.040604882     303.912     30.590    216.324     148.956    0.010000
290     0.037099764     0.042000953     307.143     30.275    220.211     149.776    0.010000
291     0.040896531     0.037345715     306.468     30.944    229.157     149.092    0.020000
292     0.027175508     0.045920778     310.389     31.177    225.593     148.586    0.010000
293     0.035426069     0.037979931     307.314     30.322    234.999     149.806    0.010000
294     0.035915799     0.044046983     306.388     30.464    250.854     149.051    0.010000
295     0.037015688     0.051647097     300.284     30.022    229.475     149.191    0.010000
296     0.034345943     0.038573977     305.147     30.344    223.564     149.513    0.000000
297     0.040595673     0.034417953     303.283     30.120    249.895     149.329    0.020000
298     0.035323203     0.046827082     308.682     32.215    244.291     149.358    0.010000
299     0.041409675     0.033081770     306.108     31.089    243.048     147.490    0.010000
300     0.023259286     0.033968452     312.915     33.245    234.966     147.780    0.010000
301     0.027349403     0.030529803     307.948     31.165    236.785     149.298    0.010000
302     0.050838556     0.033280939     304.976     30.554    228.630     149.784    0.010000
303     0.040167041     0.039129712     312.494     32.342    216.820     149.909    0.010000
304     0.037848100     0.033310849     310.298     33.158    226.664     148.468    0.010000
305     0.028479964     0.028179526     304.957     31.840    234.003     148.422    0.010000
306     0.033327810     0.032971896     305.698     32.172    232.277     148.795    0.010000
307     0.035900801     0.024438931     303.944     31.905    231.972     149.261    0.010000
308     0.039596923     0.036417354     306.668     31.916    233.183     149.722    0.020000
309     0.037484337     0.031111183     304.789     31.959    232.332     148.856    0.000000
310     0.034269661     0.028231466     303.229     31.866    236.902     149.592    0.020000
311     0.040862538     0.030212268     300.732     30.172    227.375     149.879    0.000000
312     0.036461003     0.043454599     307.164     32.952    226.293     149.464    0.010000
313     0.043501101     0.030884644     301.206     30.227    232.885     149.706    0.010000
314     0.032046128     0.042492080     311.303     33.187    224.972     147.943    0.010000
315     0.029474093     0.030288711     306.357     32.139    226.498     148.585    0.020000
316     0.027873803     0.027903695     309.830     32.922    229.162     149.799    0.010000
317     0.038777962     0.026623841     307.637     30.849    225.732     148.910    0.000000
318     0.032723162     0.035811219     312.988     33.049    227.746     149.619    0.010000
319     0.035872661     0.023708923     320.877     34.031    215.746     148.220    0.020000
320     0.031346008     0.023330906     309.126     30.182    214.898     148.852    0.000000
321     0.039292760     0.037203535     313.543     32.457    213.637     149.374    0.020000
322     0.037441529     0.030632287     318.002     33.856    214.913     149.761    0.010000
323     0.043145005     0.027566001     318.721     33.158    218.699     148.462    0.000000
324     0.035893593     0.032023672     318.686     33.156    216.252     148.488    0.010000
325     0.031365596     0.026583143     317.369     32.830    224.855     149.325    0.020000
326     0.031312890     0.024296386     314.885     30.284    220.914     149.897    0.000000
327     0.041906878     0.041877422     312.040     30.237    219.614     149.820    0.010000
328     0.042130511     0.039828941     323.209     33.354    224.360     149.911    0.010000
329     0.036598515     0.029380672     316.402     32.331    226.818     149.346    0.020000
330     0.041271027     0.024329416     319.140     33.325    257.216     148.479    0.000000
331     0.036089808     0.023824979     318.267     31.887    225.888     149.025    0.020000
332     0.026872426     0.027878128     314.615     31.123    221.040     149.969    0.000000
333     0.038017165     0.032552455     318.974     32.432    218.840     148.648    0.020000
334     0.039260279     0.030134283     325.960     34.283    221.763     149.956    0.000000
335     0.059870351     0.033086129     317.672     32.810    260.452     143.476    0.020000
336     0.018196786     0.027534284     312.908     30.124    257.476     147.150    0.010000
337     0.037788682     0.045878209     328.298     34.969    258.707     144.673    0.010000
338     0.022708554     0.028690478     323.490     33.716    261.546     149.642    0.010000
339     0.041920722     0.028068395     320.042     32.126    260.027     147.254    0.000000
340     0.022174554     0.029921928     325.982     33.796    259.350     146.434    0.020000
341     0.024646968     0.029226022     323.384     32.882    258.098     149.526    0.010000
342     0.053097293     0.024830433     324.317     33.524    255.563     145.828    0.010000
343     0.027816599     0.024897316     323.850     32.770    257.380     148.174    0.010000
344     0.028380552     0.036062278     326.931     33.834    258.576     149.852    0.010000
345     0.039554056     0.026156679     330.125     34.325    258.771     147.892    0.010000
346     0.029876310     0.024720771     321.472     32.485    261.879     144.487    0.010000
347     0.023094727     0.028803496     324.752     33.163    263.934     143.489    0.010000
348     0.022447187     0.024622878     317.373     31.603    262.936     149.309    0.010000
349     0.049852688     0.024456711     319.267     32.864    263.572     148.178    0.010000
350     0.028387418     0.030835498     320.344     31.907    268.362     149.173    0.010000
351     0.043472353     0.025958702     314.576     31.410    268.364     146.522    0.010000
352     0.027961852     0.031832553     318.493     31.300    269.756     148.947    0.010000
353     0.032194287     0.036196936     319.738     32.591    268.463     149.646    0.010000
354     0.038452331     0.035376713     317.429     32.215    270.707     149.176    0.010000
355     0.032714110     0.033980463     316.930     32.280    270.856     147.282    0.010000
356     0.025736758     0.028671091     321.300     33.549    271.702     148.988    0.010000
357     0.032877572     0.029151628     318.776     32.293    270.960     147.344    0.010000
358     0.028400334     0.033851225     323.846     34.234    273.843     149.820    0.010000
359     0.044506341     0.027627291     317.208     31.839    268.556     149.578    0.010000
360     0.039189212     0.029287206     321.515     32.703    272.399     148.424    0.020000
361     0.033479616     0.025129145     312.587     31.785    269.333     148.222    0.000000
362     0.033601675     0.030584116     319.583     33.977    269.208     147.294    0.010000
363     0.026495216     0.024165701     321.355     33.883    271.744     149.424    0.020000
364     0.035882991     0.028146926     312.000     32.699    271.225     148.751    0.010000
365     0.036665644     0.033434816     312.440     31.219    273.278     149.913    0.010000
366     0.042162661     0.034493890     312.756     31.596    274.114     149.395    0.000000
367     0.038710076     0.032374855     314.641     33.958    277.236     149.694    0.010000
368     0.038981106     0.028628662     310.213     32.992    275.638     147.933    0.020000
369     0.032661200     0.024485316     314.472     34.031    274.816     145.828    0.000000
370     0.024127198     0.023406416     308.112     31.314    275.274     149.559    0.020000
371     0.034946326     0.037246622     310.238     32.928    275.119     149.042    0.010000
372     0.036931880     0.023362594     310.301     31.849    273.244     149.178    0.000000
373     0.037206370     0.028914904     313.649     32.612    272.656     148.585    0.020000
374     0.030866140     0.030747117     309.675     31.801    273.091     148.497    0.010000
375     0.032280236     0.029492835     312.720     32.320    272.820     149.954    0.010000
376     0.041058924     0.026044806     317.360     34.612    275.261     149.279    0.010000
377     0.036129653     0.024008946     308.722     31.695    274.317     149.175    0.010000
378     0.036063939     0.027239447     312.842     33.653    273.886     149.393    0.010000
379     0.043211024     0.026637860     310.197     31.219    269.910     149.220    0.010000
380     0.039823156     0.028089505     312.049     33.424    271.068     149.718    0.010000
381     0.050478987     0.032243252     323.412     36.016    275.958     149.863    0.010000
382     0.051563736     0.020743128     313.148     33.789    266.732     147.406    0.010000
383     0.028674437     0.023369031     310.906     31.809    277.328     149.827    0.010000
384     0.044866018     0.032712724     317.449     33.800    266.355     146.335    0.010000
385     0.024828508     0.020740265     315.338     34.098    272.694     147.713    0.010000
386     0.021176405     0.024480578     322.734     34.871    268.069     147.644    0.020000
387     0.026102481     0.024176609     316.126     32.744    264.058     149.090    0.000000
388     0.039352275     0.026264658     317.306     34.265    263.796     142.661    0.010000
389     0.021392968     0.025559833     319.085     33.780    270.611     149.262    0.010000
390     0.052471545     0.028153582     312.134     31.056    266.822     143.490    0.010000
391     0.019814746     0.034878947     318.289     33.913    257.996     148.951    0.020000
392     0.036255907     0.036136489     319.079     34.746    263.642     148.097    0.000000
393     0.027517617     0.032139137     309.495     31.820    265.634     146.347    0.020000
394     0.025842054     0.026334727     314.445     32.115    274.939     148.989    0.010000
395     0.032650039     0.027274376     318.375     34.465    272.687     149.243    0.010000
396     0.033219058     0.029107913     317.632     34.159    271.347     149.653    0.010000
397     0.030383235     0.023723207     317.600     33.489    274.594     149.217    0.010000
398     0.038715757     0.025420997     319.339     33.972    269.683     146.662    0.010000
399     0.025394950     0.025941111     320.649     35.501    264.885     145.052    0.010000
400     0.023798069     0.026194815     314.332     32.940    263.532     145.979    0.010000
401     0.026971174     0.022113545     313.885     32.995    267.489     149.713    0.000000
402     0.043381084     0.039547157     315.297     32.984    268.046     147.943    0.020000
403     0.028211586     0.028031625     326.359     36.371    274.611     149.782    0.010000
404     0.041194163     0.031425480     325.436     35.747    267.857     149.529    0.010000
405     0.038482316     0.026045423     322.079     35.759    266.705     145.243    0.010000
406     0.028445857     0.023634238     317.185     34.413    254.872     146.978    0.010000
407     0.031541478     0.024809364     324.441     35.330    273.906     148.416    0.010000
408     0.029363409     0.025265833     321.395     35.375    266.638     148.425    0.010000
409     0.035702795     0.022388998     326.817     35.650    269.794     149.684    0.010000
410     0.045719400     0.022413297     316.737     32.524    266.805     149.685    0.020000
411     0.042952370     0.028887004     322.464     34.972    263.973     148.056    0.010000
412     0.023933060     0.026383590     321.225     32.640    263.736     146.921    0.010000
413     0.025934018     0.027473694     324.491     34.214    265.408     149.364    0.010000
414     0.050033495     0.026270080     330.527     36.427    264.072     149.307    0.010000
415     0.041959122     0.029695692     326.020     35.622    253.738     148.705    0.010000
416     0.034414638     0.025220236     322.536     35.229    267.453     149.679    0.010000
417     0.033362735     0.022236288     322.916     34.099    262.616     149.780    0.010000
418     0.063401319     0.027749125     316.833     32.576    260.006     148.564    0.010000
419     0.028635316     0.027022379     320.166     32.998    265.174     149.204    0.010000
420     0.031986956     0.026719695     318.035     34.256    268.785     149.661    0.010000
421     0.041055370     0.024984559     314.233     32.042    259.783     148.739    0.010000
422     0.028748350     0.027349986     318.842     35.003    264.714     149.471    0.020000
423     0.047378469     0.023564104     322.475     34.818    262.708     149.610    0.000000
424     0.034993872     0.022702837     321.603     35.082    268.625     149.809    0.010000
425     0.046342697     0.025495520     316.287     35.305    265.222     149.892    0.010000
426     0.041037552     0.022309866     322.105     36.700    265.020     149.405    0.010000
427     0.032555081     0.026397470     320.591     35.333    262.251     149.627    0.020000
428     0.034513213     0.027137803     310.840     32.585    261.323     149.496    0.010000
429     0.041037440     0.021676222     313.719     34.937    260.198     148.527    0.010000
430     0.036924023     0.023588259     320.721     37.456    265.594     148.894    0.010000
431     0.033309139     0.027419206     321.090     37.973    263.041     149.400    0.010000
432     0.043567210     0.026221896     318.081     35.351    260.148     149.904    0.000000
433     0.039277475     0.022424523     312.485     34.152    261.523     148.503    0.010000
434     0.027826188     0.027324745     316.866     36.301    261.041     149.546    0.020000
435     0.035570603     0.028210288     317.385     36.300    258.217     149.466    0.010000
436     0.040234797     0.025494415     312.157     34.941    263.032     149.199    0.010000
437     0.035371087     0.023927405     310.444     34.860    263.503     149.394    0.010000
438     0.036150038     0.023872914     316.542     37.941    260.986     149.397    0.010000
439     0.031977247     0.027927462     314.884     36.659    261.950     149.686    0.000000
440     0.040807262     0.020870527     318.526     39.603    265.066     149.568    0.020000
441     0.036396425     0.026958775     308.057     35.004    262.968     149.372    0.010000
442     0.036311328     0.021178663     309.394     37.371    261.648     149.513    0.010000
443     0.047655098     0.027515167     308.151     35.432    264.357     149.797    0.010000
444     0.048336457     0.022799555     313.154     35.936    262.967     149.850    0.020000
445     0.038165279     0.020564839     308.350     37.843    263.686     149.273    0.000000
446     0.029979600     0.031038748     307.182     35.856    258.228     149.932    0.010000
447     0.046668541     0.020879522     319.151     40.846    262.041     149.209    0.010000
448     0.038454797     0.031672806     313.195     38.545    256.817     149.404    0.020000
449     0.043532431     0.020788331     312.910     39.746    267.383     149.828    0.000000
450     0.037558883     0.023718052     317.904     40.790    254.406     148.823    0.010000
451     0.025228284     0.022217466     310.464     38.682    264.208     149.962    0.020000
452     0.043686606     0.021477373     313.830     38.735    252.872     149.600    0.010000
453     0.044616964     0.024023270     311.149     38.870    244.521     147.712    0.010000
454     0.028464826     0.025266251     314.509     39.213    259.320     149.156    0.000000
455     0.036705978     0.026624208     311.538     39.566    259.987     149.316    0.020000
456     0.032656711     0.023245167     316.828     40.990    259.082     149.792    0.010000
457     0.036774889     0.026353767     319.876     42.083    255.545     149.943    0.010000
458     0.046704900     0.028787291     315.124     39.976    249.925     149.506    0.010000
459     0.040977813     0.022348698     315.524     38.726    243.817     148.079    0.010000
460     0.029584005     0.025602283     317.909     39.510    257.681     148.705    0.010000
461     0.032337174     0.025602601     318.644     40.152    259.908     149.080    0.010000
462     0.040424667     0.024872685     317.040     39.650    260.372     149.314    0.010000
463     0.028329002     0.024022365     315.965     40.223    261.004     149.597    0.010000
464     0.033142298     0.023987630     313.850     39.413    258.431     149.172    0.010000
465     0.042460475     0.024129206     320.609     42.277    263.728     149.154    0.010000
466     0.033194840     0.027511870     320.393     41.743    261.634     149.917    0.010000
467     0.033735733     0.021730548     320.202     39.997    257.067     149.604    0.020000
468     0.036871277     0.024254808     317.426     40.661    250.271     149.809    0.000000
469     0.049996089     0.024360927     316.147     39.521    252.409     149.578    0.010000
470     0.032662831     0.021503851     317.140     40.225    265.369     149.619    0.010000
471     0.032470930     0.021387244     324.005     42.121    264.989     149.456    0.020000
472     0.045315072     0.025352888     323.421     41.046    268.871     149.324    0.000000
473     0.040208362     0.025748756     317.521     39.502    267.879     149.334    0.010000
474     0.048661828     0.021019828     321.294     39.494    268.271     149.541    0.010000
475     0.039285105     0.022689721     323.366     39.553    261.664     149.455    0.010000
476     0.031735342     0.022697318     317.183     38.905    265.501     149.469    0.020000
477     0.044826180     0.026226517     317.815     39.476    257.156     149.333    0.010000
478     0.030020811     0.025226472     320.133     39.365    263.328     148.946    0.010000
479     0.038616780     0.024707863     319.180     39.295    263.689     147.818    0.010000
480     0.025851674     0.027957583     323.253     39.821    257.123     148.460    0.000000
481     0.029988987     0.027777795     320.355     39.586    267.639     148.518    0.020000
482     0.026824910     0.022841174     320.043     40.027    262.223     149.678    0.010000
483     0.039939962     0.027906690     325.147     40.126    267.025     148.854    0.010000
484     0.033774599     0.027091924     325.860     40.996    268.426     149.810    0.010000
485     0.043799046     0.023155903     321.438     40.509    270.400     149.737    0.000000
486     0.034223717     0.021974875     328.765     42.922    271.969     149.682    0.020000
487     0.046380840     0.023340169     325.042     42.036    269.424     148.197    0.010000
488     0.022987401     0.026347497     327.039     42.207    270.336     149.866    0.010000
489     0.055012461     0.024602760     328.055     42.829    271.138     148.338    0.010000
490     0.032185506     0.024286425     320.428     40.878    272.616     148.703    0.010000
491     0.035136443     0.021104971     324.274     40.839    267.690     148.713    0.010000
492     0.026361657     0.024806635     322.562     41.342    263.246     149.124    0.010000
493     0.037117828     0.027992593     328.368     43.701    261.488     149.749    0.010000
494     0.041390710     0.033677720     327.607     42.594    256.335     149.436    0.020000
495     0.043838117     0.021547368     327.655     43.439    266.023     147.349    0.000000
496     0.031473998     0.026093550     325.317     42.312    267.922     149.980    0.010000
497     0.050739340     0.020440996     319.529     41.403    271.401     149.362    0.010000
498     0.032015759     0.020320991     321.878     42.434    274.188     149.994    0.010000
499     0.045077592     0.025440359     319.778     39.251    271.113     149.575    0.020000
500     0.047031347     0.021645287     325.685     42.093    269.123     149.149    0.000000
501     0.032670923     0.027631119     326.734     43.456    272.011     148.939    0.010000
502     0.034217369     0.029901389     324.321     41.870    273.305     149.480    0.020000
503     0.040458735     0.022327174     322.162     41.611    269.553     149.612    0.000000
504     0.039076701     0.025078475     326.852     44.264    270.463     149.919    0.020000
505     0.039147105     0.029526090     322.398     39.630    268.195     149.876    0.010000
506     0.036912292     0.019552000     325.448     42.821    265.603     149.135    0.010000
507     0.033532545     0.023692433     322.035     42.680    261.853     149.571    0.000000
508     0.044180725     0.019723959     321.757     40.966    263.762     149.854    0.020000
509     0.028533513     0.024815133     322.080     43.145    266.184     149.362    0.010000
510     0.041750021     0.026020201     324.053     42.282    267.871     149.176    0.010000
511     0.031664506     0.020849971     328.760     44.695    263.239     146.839    0.010000
512     0.023791259     0.024628690     324.151     42.293    266.212     148.300    0.010000
513     0.031662259     0.019835802     326.357     43.306    262.719     149.878    0.010000
514     0.043163396     0.022138188     328.397     44.568    268.100     148.807    0.010000
515     0.026207915     0.030045262     323.724     41.825    261.658     149.779    0.010000
516     0.044197075     0.022892317     323.056     41.931    265.539     149.122    0.010000
517     0.034185451     0.021166986     320.950     43.214    271.145     149.514    0.010000
518     0.034672644     0.025106585     320.204     40.634    266.620     149.599    0.010000
519     0.031762972     0.026037367     326.518     43.669    268.718     149.847    0.020000
520     0.048300847     0.024775526     321.828     40.994    267.361     149.357    0.000000
521     0.044423155     0.019945115     323.588     42.048    266.323     149.402    0.010000
522     0.040023599     0.021863803     323.459     44.242    260.013     148.129    0.010000
523     0.034479670     0.033416510     320.960     40.917    252.638     147.812    0.010000
524     0.031377278     0.028228357     322.801     41.749    249.611     147.895    0.020000
525     0.026356464     0.026732288     321.940     43.432    258.324     149.253    0.000000
526     0.029252458     0.025455916     326.865     44.967    263.437     149.560    0.010000
527     0.044254765     0.027152861     324.880     42.794    262.226     149.862    0.020000
528     0.044747032     0.017867845     326.400     45.223    265.164     148.114    0.010000
529     0.025764253     0.029506506     327.133     43.255    256.389     148.623    0.010000
530     0.029061068     0.023986425     327.358     44.183    269.855     149.201    0.000000
531     0.033158489     0.029864963     322.398     41.640    268.924     148.984    0.020000
532     0.032445576     0.023081692     324.976     42.818    269.203     149.814    0.010000
533     0.045763861     0.025557695     323.480     44.361    253.584     148.995    0.010000
534     0.030902604     0.029131446     329.007     44.035    264.879     149.719    0.010000
535     0.034757797     0.023009263     330.804     44.886    265.357     149.911    0.000000
536     0.042159583     0.026491603     328.419     45.510    265.781     149.771    0.020000
537     0.035063464     0.025816940     329.578     45.246    270.893     149.829    0.010000
538     0.046486035     0.022091744     324.301     43.547    251.561     147.819    0.010000
539     0.025895584     0.020708272     329.622     43.759    260.533     147.886    0.010000
540     0.023484964     0.028974747     321.074     41.474    255.981     149.506    0.010000
541     0.046289966     0.024499154     321.330     41.740    256.860     149.175    0.020000
542     0.040198054     0.025401045     330.585     45.365    258.947     149.355    0.000000
543     0.034947626     0.029394923     326.312     42.341    266.073     149.463    0.020000
544     0.034912702     0.022886468     324.976     42.971    263.923     148.336    0.000000
545     0.029479982     0.023952942     326.472     44.022    264.431     148.322    0.010000
546     0.029647905     0.023697754     328.335     44.735    265.838     149.388    0.020000
547     0.032196373     0.025405318     326.495     43.737    255.111     149.616    0.010000
548     0.044812862     0.022453312     325.743     42.210    268.431     149.699    0.000000
549     0.046955138     0.024718873     324.075     42.951    269.064     148.811    0.020000
550     0.029992651     0.023479788     326.620     43.674    251.430     149.320    0.000000
551     0.028584488     0.023716180     326.253     43.916    265.727     149.267    0.010000
552     0.031165762     0.027804917     331.473     44.272    265.868     149.469    0.020000
553     0.037957136     0.020746134     320.997     39.750    261.526     149.958    0.000000
554     0.034901451     0.023448261     323.579     40.973    273.189     149.296    0.020000
555     0.044525467     0.021911073     328.333     43.850    274.374     148.643    0.010000
556     0.026608983     0.028639551     330.389     45.602    259.257     149.360    0.010000
557     0.034562733     0.036723446     331.376     44.833    263.760     149.889    0.010000
558     0.044058219     0.025749631     318.068     39.553    268.340     149.892    0.000000
559     0.046776306     0.022239344     323.094     42.124    269.639     149.813    0.020000
560     0.049982384     0.029258255     319.744     40.304    270.444     149.177    0.010000
561     0.035401173     0.024481287     326.326     41.654    275.239     149.358    0.000000
562     0.032857861     0.027214808     323.106     42.653    273.380     149.902    0.020000
563     0.043545730     0.023603156     323.043     42.565    275.267     149.961    0.010000
564     0.058733139     0.027417388     329.653     46.175    274.395     149.091    0.010000
565     0.035520311     0.040919907     320.577     41.254    274.148     148.983    0.010000
566     0.036131579     0.020449691     323.029     40.838    275.881     149.511    0.010000
567     0.029552953     0.019876339     319.404     40.833    267.243     149.342    0.010000
568     0.037980564     0.024832660     327.599     44.785    277.504     149.470    0.010000
569     0.037892193     0.041415721     321.651     41.852    274.249     149.616    0.010000
570     0.038394425     0.018802889     322.353     42.587    275.614     149.176    0.020000
571     0.035484377     0.022674486     331.594     43.930    271.582     149.417    0.000000
572     0.037154373     0.026292427     320.606     41.372    265.192     149.205    0.020000
573     0.035812683     0.022161853     323.487     44.127    271.188     149.729    0.000000
574     0.036868706     0.028485695     327.403     42.386    270.938     149.531    0.010000
575     0.038242955     0.019726202     322.268     40.706    267.078     149.723    0.020000
576     0.039513454     0.023823574     329.633     42.624    265.873     149.464    0.000000
577     0.036560871     0.026296204     327.523     41.551    268.345     149.737    0.020000
578     0.050611489     0.023615701     325.749     41.384    257.136     148.066    0.000000
579     0.026609644     0.026022306     330.277     46.230    272.641     149.751    0.010000
580     0.045448739     0.033661615     323.645     40.144    249.598     147.944    0.010000
581     0.025846325     0.022609701     321.123     39.529    243.845     147.155    0.010000
582     0.024135262     0.020798594     326.990     40.777    257.351     149.913    0.020000
583     0.041657295     0.025582725     330.103     41.583    263.444     148.605    0.000000
584     0.029537763     0.026130237     328.733     44.844    255.638     149.967    0.020000
585     0.036299821     0.035353515     327.241     40.495    266.564     149.615    0.010000
586     0.032400947     0.018830461     326.735     40.546    258.930     149.476    0.010000
587     0.032998640     0.025161583     329.408     40.314    264.312     149.667    0.000000
588     0.049874153     0.024359969     329.028     41.163    261.745     149.881    0.020000
589     0.044993583     0.019153932     327.271     39.927    250.164     148.623    0.010000
590     0.032611385     0.029182164     328.556     39.238    256.844     149.853    0.000000
591     0.040574603     0.024995044     328.312     38.966    254.676     149.440    0.020000
592     0.039504815     0.023457225     334.163     40.139    270.949     149.749    0.010000
593     0.050045609     0.024344014     330.286     39.206    264.899     149.700    0.010000
