fNo.       mw1            mw2        best1.x[0]     best1.theta     best2.x[0]   best2.theta   t/frame
0     0.000000000     0.000000000     311.226     41.148    234.598     151.650    0.220000
1     0.068164684     0.049121205     313.004     38.451    231.386     149.842    0.010000
2     0.045719724     0.022287000     315.740     40.666    218.860     149.458    0.010000
3     0.038610525     0.027107965     311.367     40.531    223.817     148.783    0.010000
4     0.037743866     0.026990654     310.959     36.820    225.215     149.597    0.010000
5     0.045864809     0.023519453     313.927     41.194    226.999     148.745    0.010000
6     0.026021456     0.030020427     311.715     36.699    228.167     149.888    0.010000
7     0.040458098     0.021877017     315.838     42.292    227.980     149.308    0.010000
8     0.029288257     0.034134537     313.730     40.462    229.162     149.371    0.010000
9     0.042018421     0.024118805     318.738     42.342    227.042     148.724    0.010000
10     0.036866032     0.028784752     323.506     40.040    218.752     149.054    0.000000
11     0.030682467     0.023386374     305.600     40.721    255.610     147.566    0.020000
12     0.024546305     0.026644031     294.810     35.889    258.307     148.229    0.000000
13     0.029061479     0.020242283     298.422     38.318    261.129     149.132    0.020000
14     0.036814056     0.027368683     302.483     40.200    253.949     147.956    0.010000
15     0.032721143     0.031425841     259.769     149.958    310.940     41.407    0.000000
16     0.041067533     0.029148079     305.462     43.523    250.829     149.071    0.010000
17     0.034799300     0.031798165     294.580     39.815    255.955     148.566    0.010000
18     0.042760752     0.022133239     297.861     40.480    253.365     149.341    0.020000
19     0.036403485     0.023353776     297.643     40.880    254.330     149.039    0.000000
20     0.032684319     0.024974788     297.861     38.624    249.015     149.070    0.020000
21     0.035310633     0.020530006     302.412     38.110    243.818     148.708    0.000000
22     0.029166017     0.024685735     301.264     39.879    241.556     146.338    0.010000
23     0.021597397     0.028962865     298.702     37.733    237.874     149.185    0.010000
24     0.031586748     0.019349037     300.666     41.032    238.854     149.927    0.010000
25     0.044094492     0.029190838     304.383     37.650    242.519     149.757    0.010000
26     0.057365619     0.018692587     308.897     39.054    239.825     149.713    0.020000
27     0.040600739     0.028453842     302.611     39.783    240.572     149.429    0.000000
28     0.035294984     0.022694513     306.017     41.537    237.675     149.765    0.010000
29     0.048181962     0.022718994     306.105     40.922    238.218     149.620    0.010000
30     0.035956159     0.022828633     306.206     40.239    232.528     149.782    0.010000
31     0.037237294     0.022828946     307.343     40.803    226.837     149.860    0.010000
32     0.041813131     0.025092538     308.408     41.129    228.080     149.056    0.000000
33     0.031617019     0.024764322     310.742     41.445    224.259     149.073    0.020000
34     0.036723174     0.022442156     311.725     39.677    223.932     149.088    0.010000
35     0.034663457     0.021846982     311.127     41.322    222.814     148.679    0.010000
36     0.034068111     0.028356718     309.990     41.149    230.673     149.555    0.010000
37     0.031969883     0.030457357     315.297     38.276    226.865     149.822    0.010000
38     0.054250401     0.022833984     308.931     36.746    228.370     149.750    0.010000
39     0.036542919     0.023606379     310.741     37.982    229.290     149.476    0.010000
40     0.036286674     0.021027038     319.068     39.380    225.855     148.876    0.000000
41     0.028946906     0.025082609     313.332     37.378    227.582     149.373    0.020000
42     0.034463804     0.021865424     311.292     36.993    225.632     149.165    0.010000
43     0.037702743     0.020073673     313.065     40.920    228.003     149.715    0.010000
44     0.043541472     0.033518977     316.245     42.517    225.792     149.855    0.000000
45     0.051810961     0.027567765     321.083     39.147    216.435     147.708    0.020000
46     0.026018614     0.021696255     318.342     42.734    230.027     148.809    0.000000
47     0.037180398     0.037513018     325.258     40.439    223.629     148.837    0.020000
48     0.027770987     0.022455856     318.484     42.100    232.533     149.966    0.000000
49     0.045871403     0.023963137     322.206     38.903    232.066     149.219    0.010000
50     0.037181679     0.019560250     317.216     36.699    225.480     148.840    0.010000
51     0.024983510     0.023856098     315.216     35.966    229.617     148.835    0.010000
52     0.036233548     0.022229739     315.204     35.869    217.413     147.941    0.020000
53     0.024007941     0.028234055     324.945     41.035    232.690     148.721    0.010000
54     0.031785976     0.045036819     316.773     35.994    232.877     149.286    0.000000
55     0.029106017     0.020299148     317.693     35.961    231.739     149.573    0.010000
56     0.045560773     0.020923452     327.811     38.490    228.501     148.376    0.010000
57     0.026139447     0.030890826     321.053     39.992    235.134     149.463    0.010000
58     0.046554841     0.025464764     320.355     38.792    234.916     149.996    0.010000
59     0.039063826     0.019952679     323.081     40.078    230.817     149.482    0.010000
60     0.037147887     0.022157984     328.594     41.556    235.715     149.619    0.010000
61     0.038236324     0.030289823     321.703     37.840    236.956     149.872    0.010000
62     0.039388128     0.020216681     324.782     39.696    242.787     149.829    0.010000
63     0.053110983     0.025763625     322.688     38.001    240.572     147.612    0.010000
64     0.026705749     0.021324590     328.643     37.584    245.669     149.228    0.010000
65     0.031288769     0.023156086     323.649     34.251    242.661     149.797    0.010000
66     0.045940250     0.019879283     333.654     36.984    237.552     148.856    0.000000
67     0.031566713     0.023018006     324.688     34.487    244.686     148.547    0.020000
68     0.043887213     0.022858953     326.809     37.429    248.512     148.552    0.000000
69     0.045870304     0.027168306     330.086     38.435    257.389     149.855    0.010000
70     0.061949752     0.026910020     332.163     38.561    257.995     149.525    0.010000
71     0.038135488     0.027488768     337.307     36.024    255.172     149.524    0.020000
72     0.039059237     0.022271965     334.168     38.224    257.061     148.494    0.010000
73     0.031624939     0.025858482     329.914     36.440    261.735     149.770    0.000000
74     0.042100351     0.025162769     338.352     38.942    260.150     148.808    0.020000
75     0.034715295     0.025231106     341.486     35.964    264.346     149.399    0.000000
76     0.036137745     0.020933025     335.914     37.761    257.824     149.040    0.020000
77     0.033415768     0.028819403     334.421     36.806    267.641     149.609    0.000000
78     0.039302021     0.024708193     335.361     35.064    266.515     148.824    0.010000
79     0.043808699     0.021278720     339.674     34.806    262.382     149.437    0.010000
80     0.045174807     0.021137260     339.924     38.303    264.835     149.504    0.010000
81     0.041301906     0.032760967     335.161     36.240    262.840     148.695    0.010000
82     0.034708705     0.021764962     337.314     34.947    273.348     149.939    0.010000
83     0.035252172     0.023981260     338.633     36.983    266.218     149.460    0.010000
84     0.036601685     0.034254797     340.799     37.435    264.489     148.517    0.020000
85     0.030623037     0.025671652     337.219     36.361    265.207     148.195    0.000000
86     0.029001297     0.022299005     336.841     36.115    261.403     147.395    0.010000
87     0.024303397     0.021517240     339.632     33.213    268.062     148.923    0.010000
88     0.035865184     0.024186051     338.305     36.391    259.734     146.722    0.010000
89     0.025946271     0.028566901     338.184     33.594    267.458     148.428    0.010000
90     0.035030011     0.025546605     337.764     35.568    267.325     148.564    0.010000
91     0.037998896     0.032557823     337.573     33.554    261.560     146.685    0.010000
92     0.023676375     0.027551819     337.724     35.323    258.187     146.177    0.010000
93     0.025793934     0.026505165     339.897     34.458    275.653     148.869    0.000000
94     0.039624460     0.028542684     341.131     36.136    275.346     148.662    0.020000
95     0.031591441     0.029253623     342.869     34.051    260.491     144.969    0.000000
96     0.022243369     0.022512946     341.755     33.444    255.151     142.873    0.020000
97     0.022822566     0.022245066     337.459     35.070    258.982     143.947    0.010000
98     0.025219567     0.031250942     342.573     33.553    255.614     144.030    0.000000
99     0.022930836     0.022303503     342.239     35.266    266.620     147.361    0.010000
100     0.028259326     0.037544519     343.381     34.050    259.971     145.798    0.010000
101     0.023179468     0.027040156     339.809     32.812    259.375     145.785    0.010000
102     0.029985435     0.031384028     343.404     34.174    270.908     148.284    0.010000
103     0.038552366     0.026449822     342.122     32.772    268.801     147.649    0.010000
104     0.030579036     0.023913132     342.724     33.670    266.433     145.487    0.010000
105     0.023574717     0.026606712     342.195     32.884    268.081     146.574    0.010000
106     0.025436753     0.031743545     341.253     34.788    264.711     143.820    0.010000
107     0.025105949     0.029629938     343.950     36.330    254.455     142.256    0.010000
108     0.020854728     0.025581876     342.598     34.950    263.976     144.301    0.010000
109     0.025533298     0.024547720     341.703     32.357    249.256     139.662    0.010000
110     0.018023416     0.026511027     340.993     33.703    256.553     142.593    0.010000
111     0.026029840     0.027131191     336.440     31.074    252.451     142.311    0.010000
112     0.022932187     0.031928170     342.062     36.039    252.539     142.536    0.010000
113     0.025084659     0.033186592     339.273     31.918    254.436     141.896    0.010000
114     0.021925507     0.033541627     343.628     34.608    255.918     144.936    0.010000
115     0.030850822     0.030896954     339.313     32.864    263.104     144.423    0.010000
116     0.026449410     0.022905873     338.666     31.886    252.480     142.425    0.010000
117     0.022667952     0.031190880     341.013     31.434    238.656     136.976    0.010000
118     0.018440954     0.026725566     339.288     31.637    231.752     133.691    0.010000
119     0.018431710     0.038114000     343.745     32.688    238.287     137.718    0.010000
120     0.023871798     0.025159214     341.774     31.521    230.203     134.006    0.010000
121     0.024105191     0.027271720     338.252     30.779    223.954     133.966    0.000000
122     0.020746112     0.028892253     336.041     30.127    224.355     134.729    0.010000
123     0.019194681     0.044410940     341.858     33.499    219.691     133.983    0.010000
124     0.020872297     0.026269468     339.224     30.876    218.894     134.493    0.020000
125     0.022407999     0.030612899     340.691     33.317    214.932     133.900    0.010000
126     0.025693599     0.022605447     341.845     33.485    220.992     138.403    0.000000
127     0.039822571     0.024897967     343.751     31.771    217.422     137.311    0.010000
128     0.020726221     0.035024233     342.757     32.203    224.445     140.596    0.010000
129     0.028440943     0.022810113     343.279     30.313    226.201     143.248    0.010000
130     0.030715983     0.058146335     342.445     30.875    250.238     148.489    0.010000
131     0.039885711     0.039841030     235.549     148.882    327.745     31.290    0.010000
132     0.036111820     0.031655349     330.419     30.503    230.857     147.772    0.010000
133     0.023169100     0.032015376     343.943     33.270    241.407     149.050    0.010000
134     0.039333351     0.026087826     343.374     32.405    256.988     149.631    0.010000
135     0.043394256     0.028287841     342.124     32.967    260.786     149.983    0.010000
136     0.043630831     0.030815369     343.583     30.075    260.868     149.815    0.010000
137     0.040393792     0.041775271     341.622     30.080    250.254     149.409    0.010000
138     0.036184873     0.046962004     342.427     30.825    251.198     149.972    0.000000
139     0.042020120     0.029321326     342.884     30.430    245.966     149.121    0.010000
140     0.032531377     0.047182739     343.275     31.976    258.815     149.485    0.020000
141     0.036814388     0.028540321     343.323     31.230    262.106     149.410    0.010000
142     0.042640239     0.025445389     254.832     149.409    338.651     31.231    0.000000
143     0.035663594     0.038358327     338.256     30.560    262.751     149.100    0.020000
144     0.032226462     0.040387467     343.142     30.109    269.047     149.216    0.010000
145     0.041942496     0.035724994     339.278     30.122    269.536     148.911    0.000000
146     0.039190669     0.039927691     342.358     30.792    271.558     149.795    0.020000
147     0.043666884     0.040962972     340.540     30.134    268.123     149.402    0.010000
148     0.039551824     0.058270186     258.509     149.790    338.958     32.241    0.010000
149     0.040983766     0.029509729     270.445     149.371    333.681     30.539    0.000000
150     0.036876254     0.035588261     343.805     30.243    268.857     149.805    0.010000
151     0.036533378     0.037118088     338.704     30.388    270.005     149.364    0.010000
152     0.027330048     0.045898821     271.641     149.524    343.037     32.936    0.010000
153     0.041240353     0.031567927     340.432     30.648    261.262     149.801    0.020000
154     0.039182808     0.042088117     343.795     30.196    261.292     149.812    0.000000
155     0.035083897     0.040740136     342.077     31.391    257.370     148.948    0.010000
156     0.033431076     0.024042545     343.329     30.506    259.802     149.591    0.010000
157     0.037027229     0.051823858     343.894     31.699    265.842     149.559    0.000000
158     0.032940447     0.033279687     339.545     30.861    266.780     148.655    0.020000
159     0.033739697     0.046722602     267.278     149.470    289.245     32.785    0.010000
160     0.047280535     0.032944400     265.490     148.731    336.873     30.742    0.010000
161     0.035239547     0.031144144     275.542     149.864    343.559     32.746    0.010000
162     0.041961364     0.024843743     343.383     31.030    277.548     149.099    0.000000
163     0.036922008     0.025389710     343.701     32.824    265.286     149.066    0.020000
164     0.044749875     0.030898714     272.131     148.228    290.053     35.710    0.010000
165     0.023516847     0.025079146     338.472     31.082    276.484     148.842    0.010000
166     0.035063040     0.027904563     342.044     30.377    272.630     149.720    0.000000
167     0.035127800     0.036771867     342.628     31.726    279.562     148.576    0.020000
168     0.026821308     0.031049741     340.589     30.584    280.562     149.818    0.010000
169     0.036298629     0.038495187     343.857     31.125    276.858     149.767    0.010000
170     0.037914712     0.040296093     340.613     30.297    265.618     147.713    0.010000
171     0.028383771     0.044477206     282.728     149.532    328.588     30.187    0.000000
172     0.044989031     0.044609386     337.990     30.428    267.912     149.356    0.020000
173     0.039363593     0.043341495     339.562     32.777    280.312     149.420    0.000000
174     0.037729494     0.023388896     343.591     32.251    281.740     149.322    0.010000
175     0.044408169     0.029670637     342.236     33.522    277.852     148.919    0.020000
176     0.034491923     0.025601650     342.992     32.228    278.533     148.380    0.000000
177     0.027295973     0.033611260     343.417     34.381    272.365     147.763    0.010000
178     0.030716142     0.026060216     342.636     32.819    272.301     149.684    0.010000
179     0.035703834     0.023956597     343.346     34.334    273.230     148.577    0.020000
180     0.030882129     0.021681668     339.739     33.913    275.830     149.129    0.010000
181     0.034064800     0.026227919     339.422     32.034    279.668     149.930    0.000000
182     0.044085640     0.029611776     338.503     30.934    277.489     149.577    0.010000
183     0.052432388     0.037950315     343.089     32.594    273.974     147.959    0.010000
184     0.025792731     0.030854417     334.498     32.971    276.982     149.320    0.010000
185     0.027774582     0.033659883     337.655     34.219    277.816     149.858    0.010000
186     0.044627719     0.028126949     335.815     32.210    271.172     149.361    0.010000
187     0.040071186     0.033137832     339.328     32.947    273.407     149.111    0.010000
188     0.034386769     0.034671113     343.632     34.394    271.618     148.468    0.010000
189     0.029278811     0.026586531     335.616     32.634    276.453     148.803    0.010000
190     0.039794341     0.026341300     337.969     34.842    276.305     147.906    0.000000
191     0.026892073     0.021847073     337.149     33.244    278.421     148.959    0.020000
192     0.032832604     0.023982316     341.106     34.652    274.382     148.971    0.010000
193     0.035030585     0.027462695     335.615     33.499    270.244     148.273    0.010000
194     0.023898832     0.027192352     332.770     32.588    272.142     149.474    0.010000
195     0.036051098     0.031900000     342.623     35.807    270.553     147.189    0.010000
196     0.028533153     0.025304507     333.779     34.852    272.512     147.072    0.010000
197     0.026982309     0.024797533     338.515     36.273    269.511     148.273    0.000000
198     0.036856547     0.024943171     340.116     35.591    268.050     148.036    0.020000
199     0.022886468     0.025724892     333.394     31.731    270.894     149.333    0.010000
200     0.035468798     0.032567456     340.644     35.398    272.745     147.204    0.000000
201     0.027930403     0.030190950     338.152     34.347    269.050     148.735    0.010000
202     0.038171116     0.029477417     338.246     34.680    275.607     148.722    0.010000
203     0.037618868     0.024669291     338.072     35.505    277.327     149.375    0.020000
204     0.044564724     0.026125578     328.707     31.972    270.839     147.135    0.010000
205     0.022982806     0.027547736     331.777     34.111    273.382     149.970    0.000000
206     0.046626221     0.029165754     330.259     34.066    273.192     149.696    0.010000
207     0.030626489     0.020347621     332.724     32.932    274.084     148.594    0.010000
208     0.025375798     0.024041099     338.595     36.323    275.167     149.246    0.020000
209     0.043992024     0.031365722     333.279     33.436    272.401     149.917    0.000000
210     0.042143311     0.022415295     329.999     34.030    270.336     149.503    0.010000
211     0.039103542     0.023218244     331.979     33.128    268.224     147.597    0.010000
212     0.027381731     0.026506659     337.306     35.687    268.286     147.505    0.010000
213     0.025898596     0.025518261     333.671     33.660    261.965     147.367    0.010000
214     0.023858182     0.022077052     328.049     31.802    266.773     148.753    0.010000
215     0.026977647     0.029762790     330.508     33.152    271.020     149.028    0.010000
216     0.038564429     0.025597697     330.054     32.636    267.872     147.586    0.010000
217     0.029777184     0.033772450     330.023     34.444    257.360     146.340    0.020000
218     0.021079743     0.024326060     335.509     35.055    264.804     147.942    0.000000
219     0.029089978     0.024943359     322.965     30.875    264.554     146.942    0.010000
220     0.024437241     0.030426349     327.037     32.275    256.829     144.851    0.010000
221     0.032904156     0.033223487     328.704     32.495    258.293     147.784    0.020000
222     0.043781750     0.028241904     324.936     33.651    268.631     149.534    0.000000
223     0.036809172     0.023484396     329.887     33.451    258.918     145.956    0.010000
224     0.025034273     0.021474706     320.840     30.896    262.316     147.422    0.010000
225     0.023936743     0.033019528     326.965     34.207    261.103     147.819    0.000000
226     0.027316401     0.022894988     325.061     33.841    254.026     147.380    0.020000
227     0.028028864     0.023040721     321.119     31.746    262.380     148.812    0.010000
228     0.033848032     0.025654906     322.118     32.551    257.338     148.503    0.010000
229     0.039276741     0.027998999     325.291     34.884    261.215     148.702    0.010000
230     0.026518747     0.028173503     323.215     33.087    259.066     148.597    0.000000
231     0.029923076     0.023983911     326.263     34.293    256.129     148.147    0.020000
232     0.030266533     0.026746502     327.929     35.031    255.241     148.386    0.000000
233     0.025684284     0.025815297     324.620     34.120    251.253     145.043    0.020000
234     0.025539156     0.021236779     327.913     35.609    249.735     146.532    0.000000
235     0.022082200     0.029691756     323.045     35.953    258.492     149.381    0.020000
236     0.041212354     0.021711677     327.255     36.397    257.496     149.557    0.010000
237     0.044519845     0.024901550     321.913     36.080    253.406     146.036    0.000000
238     0.028066855     0.022081181     322.048     34.718    237.696     144.991    0.020000
239     0.026569866     0.022805646     318.633     34.049    255.837     147.894    0.010000
240     0.030053169     0.021337237     322.790     36.924    241.169     143.987    0.010000
241     0.022337012     0.031245274     320.866     36.661    247.340     146.493    0.000000
242     0.025079645     0.027523628     316.167     35.470    243.574     144.884    0.020000
243     0.022137240     0.022470118     320.653     37.058    256.487     149.792    0.000000
244     0.056589615     0.029564783     320.004     37.130    241.607     144.389    0.020000
245     0.019602200     0.023039138     320.483     35.677    235.037     142.552    0.010000
246     0.022743411     0.023087224     321.335     36.116    259.088     148.472    0.000000
247     0.041147105     0.020197732     324.821     37.740    263.430     149.981    0.010000
248     0.042575039     0.023847150     314.282     33.827    259.702     148.592    0.010000
249     0.033150151     0.023112230     313.477     33.906    258.863     149.112    0.010000
250     0.023679389     0.021118004     316.176     35.031    260.696     149.125    0.020000
251     0.044986870     0.026624303     319.115     34.649    238.146     146.716    0.000000
252     0.019926112     0.025587631     315.129     35.064    248.179     147.344    0.010000
253     0.024943225     0.023341650     321.892     38.694    257.369     149.827    0.000000
254     0.046070885     0.030926256     313.898     34.746    242.795     146.554    0.010000
255     0.023457153     0.020371774     320.251     38.019    246.760     147.736    0.010000
256     0.025139200     0.030918501     313.527     34.047    246.276     149.114    0.010000
257     0.034726415     0.024357723     318.853     37.433    254.148     149.152    0.010000
258     0.034665704     0.027671907     317.490     36.102    246.115     148.345    0.010000
259     0.030152608     0.023573110     316.138     33.960    243.947     148.833    0.010000
260     0.038059033     0.023211980     318.056     36.330    245.606     148.048    0.010000
261     0.026800275     0.028279293     314.399     34.675    243.801     148.011    0.010000
262     0.037879873     0.021978995     318.050     35.291    246.817     149.594    0.010000
263     0.040303208     0.025659805     325.373     38.179    240.820     148.341    0.010000
264     0.031442106     0.028375387     324.630     37.919    248.202     148.551    0.010000
265     0.029631868     0.026274748     326.349     37.446    248.035     149.242    0.010000
266     0.032768998     0.024273366     318.300     33.769    239.243     146.529    0.010000
267     0.026338240     0.021111302     317.473     32.888    238.337     149.907    0.010000
268     0.043502092     0.027757613     324.481     36.511    240.571     148.299    0.010000
269     0.031158183     0.029109433     324.099     35.066    237.039     149.139    0.010000
270     0.030617770     0.022279046     324.038     34.737    244.175     148.678    0.010000
271     0.028349550     0.024557071     324.987     35.884    230.831     146.040    0.010000
272     0.022402652     0.025756447     327.778     36.243    235.384     147.282    0.010000
273     0.029501868     0.027776487     321.310     35.922    228.803     146.314    0.010000
274     0.023277290     0.026424382     325.310     35.173    237.492     149.442    0.010000
275     0.039961349     0.025709014     323.392     34.281    239.829     149.905    0.010000
276     0.044954248     0.023271341     327.482     36.299    242.386     148.538    0.010000
277     0.030245878     0.027431371     329.349     35.094    236.563     149.291    0.010000
278     0.038615793     0.027384168     323.779     36.592    239.136     149.948    0.010000
279     0.037863627     0.024843464     328.679     36.476    238.693     149.632    0.000000
280     0.046261132     0.023156142     325.500     37.265    245.723     149.771    0.020000
281     0.040488154     0.023886357     322.665     35.543    241.075     149.939    0.000000
282     0.033671711     0.025091376     324.962     37.300    242.691     148.753    0.020000
283     0.033785421     0.024114506     325.444     37.409    235.363     146.806    0.010000
284     0.022213904     0.021956304     329.840     37.250    243.466     149.811    0.000000
285     0.041199859     0.024153633     326.576     37.795    243.292     149.289    0.010000
286     0.036134843     0.023945831     325.712     37.518    238.749     148.091    0.020000
287     0.030137435     0.025001746     325.992     37.272    240.994     149.170    0.000000
288     0.041016310     0.020915978     323.976     37.256    236.663     149.270    0.020000
289     0.037300482     0.024115250     328.686     36.612    240.002     148.518    0.010000
290     0.026109954     0.021124570     328.321     38.742    241.275     148.329    0.000000
291     0.030735046     0.031514563     331.334     39.300    239.472     149.777    0.010000
292     0.037532385     0.023516338     334.247     38.685    244.915     148.863    0.010000
293     0.032562532     0.023359636     325.335     37.564    235.561     147.058    0.020000
294     0.022845414     0.021797808     324.110     35.974    246.676     148.890    0.000000
295     0.037256978     0.023080429     330.567     33.916    239.039     147.212    0.020000
296     0.024600124     0.025490232     331.710     37.747    246.222     149.645    0.000000
297     0.035705350     0.033263665     331.997     35.254    239.058     148.851    0.010000
298     0.033881821     0.026781540     329.483     36.135    236.496     149.495    0.020000
299     0.031149000     0.030038862     333.507     36.047    239.029     149.470    0.000000
300     0.032131080     0.022789251     331.006     35.230    240.851     148.836    0.010000
301     0.035309266     0.026430916     334.655     35.952    240.953     149.389    0.010000
302     0.044059828     0.026827550     335.969     36.354    224.165     147.280    0.010000
303     0.022380549     0.025994089     332.155     32.389    232.674     148.670    0.010000
304     0.026902149     0.028304566     334.827     35.680    236.547     149.412    0.010000
305     0.046218719     0.029095465     332.278     32.339    229.153     148.477    0.010000
306     0.027022993     0.025077196     333.371     35.210    232.584     148.271    0.010000
307     0.025931256     0.031377204     333.592     34.818    233.026     149.123    0.010000
308     0.032761641     0.026962178     331.676     32.722    236.066     149.917    0.010000
309     0.049240936     0.029895026     337.623     34.900    238.643     149.436    0.020000
310     0.039530780     0.027823413     337.315     36.076    229.422     148.658    0.000000
311     0.034129784     0.024569739     337.146     35.766    225.708     146.560    0.020000
312     0.023454197     0.025001431     330.227     32.397    230.528     146.943    0.000000
313     0.024671467     0.024983626     338.530     36.160    229.592     148.079    0.010000
314     0.024748394     0.028817654     330.061     31.620    237.353     147.333    0.010000
315     0.030663000     0.028432103     333.006     33.847    243.656     149.610    0.010000
316     0.042840954     0.027325371     335.915     35.123    230.607     145.124    0.010000
317     0.021103397     0.026679583     330.135     32.015    231.201     148.350    0.010000
318     0.034305256     0.026873896     331.086     35.362    237.911     146.824    0.010000
319     0.026952766     0.027654171     330.836     33.813    239.610     149.115    0.000000
320     0.034873344     0.024535749     330.701     33.648    246.402     149.999    0.020000
321     0.043672301     0.028172964     336.416     33.892    248.320     148.850    0.010000
322     0.036252141     0.020109637     335.668     34.039    247.791     149.571    0.010000
323     0.043647263     0.028536621     330.591     33.266    248.130     149.964    0.010000
324     0.039620902     0.027077289     327.739     32.493    234.467     147.811    0.010000
325     0.026502267     0.024409726     328.886     35.603    240.194     147.792    0.000000
326     0.023381611     0.028237985     329.602     34.023    245.261     148.517    0.020000
327     0.036433902     0.027208926     329.966     33.369    242.804     149.481    0.000000
328     0.032659203     0.027031140     330.721     35.385    234.671     145.521    0.020000
329     0.021688126     0.026038196     332.749     37.431    246.574     147.908    0.000000
330     0.027364491     0.032642499     329.767     33.865    248.024     149.313    0.010000
331     0.040433031     0.020143099     335.212     36.351    244.556     149.402    0.020000
332     0.042782918     0.022916013     339.456     35.709    246.783     148.918    0.000000
333     0.032809597     0.024659960     336.787     34.867    240.771     148.650    0.020000
334     0.028079433     0.026057685     338.527     36.135    240.575     148.165    0.010000
335     0.031786785     0.026189109     337.860     34.791    238.594     149.575    0.010000
336     0.035810493     0.026975838     331.881     33.789    238.604     149.334    0.000000
337     0.040085528     0.024973765     337.689     36.609    236.986     148.126    0.010000
338     0.028154442     0.030614035     333.302     36.716    238.494     149.337    0.010000
339     0.040205773     0.022899490     337.460     37.256    229.731     146.974    0.020000
340     0.029669913     0.023675330     331.482     33.439    238.285     149.335    0.000000
341     0.041372817     0.027218239     335.929     35.217    235.121     149.544    0.010000
342     0.038794894     0.030177511     332.820     35.424    234.092     148.776    0.010000
343     0.026399346     0.024888275     338.540     35.575    233.996     148.999    0.010000
344     0.035407312     0.022391295     331.548     32.944    230.878     149.845    0.020000
345     0.043737203     0.023224860     333.345     32.850    219.372     145.803    0.000000
346     0.019946562     0.027090803     334.887     35.411    230.061     147.618    0.010000
347     0.026430892     0.025317485     333.921     32.727    235.437     149.094    0.010000
348     0.037747443     0.032126389     340.355     33.721    241.343     149.649    0.010000
349     0.035507072     0.027894368     342.182     37.421    229.296     148.986    0.010000
350     0.030823883     0.033085171     327.554     33.724    228.165     147.298    0.010000
351     0.026367174     0.029465523     332.915     33.023    232.616     149.201    0.010000
352     0.031705774     0.025683930     336.195     34.601    237.714     149.331    0.010000
353     0.030728485     0.025575448     340.947     38.338    232.276     149.537    0.010000
354     0.040253978     0.030994648     330.393     32.986    234.060     149.430    0.020000
355     0.032798931     0.023867931     332.121     35.533    237.611     148.948    0.000000
356     0.042714544     0.024036612     331.092     35.515    238.316     149.033    0.010000
357     0.034249317     0.021260684     331.231     36.008    237.824     149.777    0.010000
358     0.038847052     0.020384077     335.434     33.744    237.236     149.661    0.010000
359     0.035053458     0.021161377     329.376     33.184    239.827     148.532    0.010000
360     0.032629173     0.023430103     328.540     35.675    236.087     147.549    0.010000
361     0.032242786     0.034519937     327.211     32.024    238.254     148.163    0.010000
362     0.027982403     0.030586159     330.883     36.753    240.347     147.522    0.010000
363     0.026963865     0.029474918     328.331     33.871    232.630     148.217    0.010000
364     0.028589897     0.028148510     326.936     35.387    234.728     147.323    0.010000
365     0.021078901     0.027157540     333.936     37.540    244.038     149.409    0.010000
366     0.046306215     0.024264315     335.305     38.698    242.954     149.552    0.010000
367     0.035612591     0.024168527     328.159     35.434    238.415     148.114    0.010000
368     0.032124151     0.024031132     336.281     34.328    242.893     149.834    0.010000
369     0.044403285     0.022917323     336.755     34.790    242.301     149.561    0.010000
370     0.028234689     0.025766585     328.053     35.549    244.506     149.698    0.010000
371     0.037002519     0.024304932     328.582     35.571    242.561     148.310    0.010000
372     0.030249899     0.022152159     334.375     34.149    243.304     149.151    0.000000
373     0.036639951     0.025327070     335.267     37.700    240.497     148.874    0.020000
374     0.036921721     0.026236268     327.617     36.610    241.819     148.669    0.010000
375     0.029217377     0.022640759     327.714     37.301    243.962     149.629    0.010000
376     0.035099693     0.023350585     324.233     35.977    236.279     148.730    0.010000
377     0.026541015     0.025761772     331.807     34.818    241.190     149.574    0.010000
378     0.038953841     0.023301547     336.518     40.237    242.066     149.510    0.010000
379     0.036880497     0.043623265     326.232     36.147    245.694     148.983    0.010000
380     0.040803894     0.019631580     326.874     36.581    240.095     147.868    0.000000
381     0.023831703     0.025916688     334.828     35.664    241.443     149.253    0.020000
382     0.030079762     0.019937176     330.656     37.901    239.650     148.826    0.010000
383     0.041675933     0.031394158     328.390     37.001    243.030     147.708    0.000000
384     0.030238595     0.022560934     336.509     39.356    243.958     149.004    0.020000
385     0.033212028     0.025666906     329.487     37.025    241.569     149.943    0.010000
386     0.044715028     0.027233081     336.432     39.470    238.158     148.645    0.000000
387     0.033544745     0.033130936     329.227     35.199    240.746     149.656    0.020000
388     0.040570121     0.020202657     334.627     39.047    244.272     149.406    0.000000
389     0.034302890     0.033773370     337.343     36.979    246.547     149.951    0.010000
390     0.048694458     0.020873614     331.380     39.253    236.630     149.877    0.010000
391     0.056074277     0.031085910     336.117     36.272    239.814     149.278    0.010000
392     0.034313120     0.023215389     330.917     34.478    244.472     149.684    0.010000
393     0.036355905     0.023734888     331.777     38.851    241.688     149.661    0.020000
394     0.036393832     0.031354062     329.243     38.272    243.775     149.272    0.000000
395     0.043924745     0.024723230     331.348     39.443    246.247     149.326    0.020000
396     0.035607409     0.024819981     329.917     37.880    240.958     149.462    0.010000
397     0.036115576     0.023974838     328.449     37.451    238.172     149.710    0.000000
398     0.042836692     0.023058092     331.654     38.800    238.721     149.702    0.010000
399     0.066023611     0.029935829     333.208     37.399    246.793     149.247    0.020000
400     0.037250876     0.024422133     330.236     38.191    244.970     149.810    0.000000
401     0.043379560     0.025290227     333.372     38.836    248.075     149.567    0.010000
402     0.035914801     0.029452952     338.745     40.437    248.775     149.997    0.020000
403     0.039575975     0.022329833     334.568     39.481    248.595     149.001    0.000000
404     0.044561606     0.022060914     333.578     38.822    243.356     149.909    0.010000
405     0.042770710     0.022889731     336.096     37.451    243.455     148.874    0.010000
406     0.033642732     0.023962881     337.002     37.686    243.376     149.042    0.010000
407     0.037703294     0.032149035     333.945     34.826    245.214     149.263    0.010000
408     0.030043311     0.023606503     336.950     37.999    241.193     148.705    0.010000
409     0.033319857     0.029414805     337.739     37.089    241.700     149.379    0.010000
410     0.051295102     0.021283278     339.865     40.465    232.116     147.257    0.010000
411     0.024727412     0.035035152     336.153     38.693    248.042     149.728    0.000000
412     0.044674225     0.022740701     342.510     41.292    242.072     149.836    0.020000
413     0.038471505     0.032381218     342.387     40.709    228.843     146.869    0.000000
414     0.028944846     0.027140504     337.905     37.806    243.243     149.837    0.020000
415     0.053049177     0.022832736     340.294     40.830    242.065     149.000    0.000000
416     0.033533800     0.032608226     342.217     38.476    236.317     149.419    0.020000
417     0.039473854     0.022181978     339.609     36.619    234.119     149.087    0.000000
418     0.027590729     0.026190199     340.676     35.716    239.872     149.694    0.010000
419     0.040090352     0.022153202     342.847     39.849    236.575     148.514    0.020000
420     0.036831416     0.030481474     337.916     38.669    238.892     149.218    0.010000
421     0.031021880     0.025049599     339.002     38.793    234.261     148.998    0.010000
422     0.030530095     0.028098280     337.442     35.276    229.417     148.513    0.010000
423     0.040661879     0.022488242     338.175     36.031    243.378     149.351    0.000000
424     0.035662118     0.023803977     342.979     40.224    241.620     149.825    0.020000
425     0.048909243     0.026121756     339.358     39.100    235.996     149.127    0.000000
426     0.031545006     0.023777450     339.487     39.610    234.472     149.717    0.010000
427     0.049232095     0.026727371     342.013     41.566    236.380     148.505    0.010000
428     0.034490097     0.030773235     339.593     39.447    225.280     147.220    0.010000
429     0.021588312     0.019862790     339.235     39.211    232.048     149.110    0.010000
430     0.063508362     0.024315648     341.244     35.904    218.632     145.535    0.010000
431     0.017732935     0.020394711     338.604     35.139    224.563     148.118    0.010000
432     0.032156423     0.023244327     341.695     36.513    241.468     149.390    0.010000
433     0.035951748     0.028470960     336.530     39.491    233.667     149.025    0.010000
434     0.033983588     0.027913619     341.595     39.371    239.195     149.994    0.000000
435     0.056936253     0.026475428     343.245     38.562    222.740     147.372    0.020000
436     0.025005812     0.027188722     340.289     39.980    225.704     147.051    0.010000
437     0.024900664     0.027191460     337.184     40.306    228.330     148.580    0.010000
438     0.037697770     0.024074163     334.887     40.236    232.365     148.313    0.010000
439     0.031749655     0.025671054     337.875     41.558    229.161     149.970    0.010000
440     0.034917034     0.025933139     339.616     37.686    232.638     149.416    0.000000
441     0.042275015     0.024259027     340.319     42.766    228.427     148.453    0.020000
442     0.035049841     0.039556760     337.441     41.820    236.231     149.742    0.010000
443     0.046385482     0.025497068     342.135     43.814    232.377     149.839    0.000000
444     0.034607247     0.029888904     339.577     41.157    233.902     149.979    0.010000
445     0.034131087     0.020552751     331.768     39.957    222.835     148.640    0.010000
446     0.030531021     0.024080932     343.868     44.285    230.851     149.568    0.010000
447     0.031151325     0.033713732     340.225     41.975    224.869     149.096    0.020000
448     0.035600338     0.020740973     340.253     39.473    221.178     149.299    0.000000
449     0.036352649     0.024122104     340.194     42.731    223.711     149.032    0.010000
450     0.034548923     0.032420248     334.031     42.253    225.593     148.981    0.010000
451     0.041152462     0.027150970     341.643     45.042    219.943     147.630    0.010000
452     0.030235456     0.035200201     333.606     42.700    219.642     149.243    0.010000
453     0.038576704     0.022118198     343.581     47.193    221.044     148.707    0.010000
454     0.027587667     0.042825591     343.482     46.504    216.302     148.115    0.010000
455     0.030657995     0.021724556     340.888     41.379    223.306     149.781    0.010000
456     0.042095248     0.021078244     340.899     41.795    215.062     148.075    0.010000
457     0.027141815     0.023255210     341.616     42.093    239.693     148.813    0.010000
458     0.034199987     0.022181094     342.071     47.696    225.323     147.059    0.010000
459     0.029320652     0.048668828     343.284     42.742    213.709     147.888    0.000000
460     0.034426764     0.024623889     343.048     44.116    238.110     148.820    0.020000
461     0.034143772     0.024818106     343.399     44.530    224.007     147.054    0.010000
462     0.025058078     0.023575570     343.658     43.931    220.124     149.037    0.000000
463     0.039395619     0.024003087     342.222     44.030    215.878     148.997    0.020000
464     0.041817505     0.021669701     339.643     43.165    239.857     149.638    0.000000
465     0.041025825     0.025890792     341.103     49.608    230.845     148.003    0.020000
466     0.023880806     0.040717725     341.186     49.877    236.834     148.682    0.010000
467     0.029832246     0.032751478     342.230     45.928    231.447     149.086    0.010000
468     0.037005894     0.018762266     341.760     50.130    232.172     148.608    0.000000
469     0.027140578     0.039446831     339.344     44.739    238.242     148.673    0.020000
470     0.036727693     0.020602692     342.459     46.905    226.679     149.916    0.010000
471     0.049556158     0.025076350     337.215     41.605    231.045     149.705    0.010000
472     0.045910429     0.018522529     343.903     45.539    222.224     148.857    0.000000
473     0.034958072     0.037182257     340.917     43.041    231.928     147.312    0.020000
474     0.030045193     0.022335296     342.562     44.674    214.244     148.456    0.010000
475     0.023714656     0.024435844     339.424     42.920    216.944     149.011    0.010000
476     0.031476930     0.021508340     342.835     46.871    234.933     149.391    0.000000
477     0.039852567     0.037293870     341.002     43.810    229.567     147.555    0.010000
478     0.028129688     0.024928866     342.337     48.222    235.084     148.198    0.020000
479     0.028537523     0.037203342     338.876     44.608    230.051     149.592    0.000000
480     0.038252641     0.023570392     343.468     44.659    224.346     148.959    0.010000
481     0.039167978     0.024847031     342.030     43.638    227.101     147.852    0.020000
482     0.024524549     0.024765685     339.043     48.535    233.040     149.861    0.000000
483     0.030975226     0.038669694     337.835     46.150    226.939     149.189    0.020000
484     0.041030318     0.024444120     340.985     43.384    215.204     148.934    0.010000
485     0.034049086     0.024688115     340.568     45.596    218.518     149.243    0.000000
486     0.034686603     0.030616434     339.465     48.844    228.132     149.794    0.010000
487     0.046658833     0.037491411     339.226     47.202    214.652     149.873    0.010000
488     0.036703777     0.024905432     341.506     45.120    213.733     148.802    0.010000
489     0.032798424     0.024690585     337.836     46.831    215.607     148.939    0.010000
490     0.034426052     0.022423781     339.260     48.107    222.950     149.403    0.010000
491     0.029905502     0.029179463     339.751     45.728    220.449     149.484    0.010000
492     0.030288117     0.019553944     337.653     48.662    221.193     148.952    0.010000
493     0.034401216     0.031552542     336.112     48.038    217.837     149.747    0.010000
494     0.033841394     0.021863420     336.482     48.754    213.361     149.695    0.010000
495     0.031961162     0.027446801     338.681     44.112    221.557     149.572    0.010000
496     0.036146745     0.018870682     341.238     45.740    224.472     149.651    0.000000
497     0.035562627     0.028134104     333.313     47.024    217.388     149.825    0.020000
498     0.042073838     0.022958703     335.997     45.216    217.403     148.743    0.010000
499     0.032879591     0.018562112     338.357     49.437    220.777     149.761    0.010000
500     0.035342503     0.035066560     333.356     47.470    216.673     149.942    0.010000
501     0.043359447     0.024979407     339.203     44.838    217.490     149.445    0.010000
502     0.034962002     0.023280801     326.985     40.983    213.625     148.990    0.010000
503     0.029425165     0.020937676     330.865     41.402    221.910     149.492    0.010000
504     0.044951890     0.026811760     331.705     42.250    217.127     149.975    0.010000
505     0.052138049     0.027623853     332.922     47.733    219.946     148.841    0.010000
506     0.026401479     0.032032911     336.316     50.533    220.333     149.621    0.010000
507     0.040771071     0.029030690     343.809     47.986    216.760     148.290    0.010000
508     0.035254292     0.026701925     335.717     43.949    214.618     147.380    0.010000
509     0.026221115     0.022234153     332.211     47.470    216.681     147.725    0.010000
510     0.029930903     0.034348212     338.758     45.209    215.158     146.654    0.010000
511     0.024552628     0.023420332     330.150     41.847    219.656     149.951    0.010000
512     0.040631484     0.020102905     337.833     44.683    218.777     149.016    0.000000
513     0.044015218     0.025771428     338.112     44.705    217.082     148.921    0.020000
514     0.032633450     0.025580179     338.279     44.683    213.594     147.340    0.010000
515     0.023824377     0.023202432     337.823     44.720    216.252     149.140    0.010000
516     0.031992670     0.022903033     331.676     47.058    215.403     149.138    0.000000
517     0.034840163     0.025252752     330.850     45.924    217.681     149.582    0.010000
518     0.042652588     0.020733913     338.293     48.483    214.031     149.226    0.020000
519     0.036460795     0.025845664     338.030     47.028    214.846     149.979    0.000000
520     0.046331763     0.023874147     340.507     44.034    214.154     149.708    0.010000
521     0.043311208     0.025017994     336.420     43.437    216.424     149.661    0.020000
522     0.035835922     0.026033508     340.853     42.385    220.942     149.162    0.000000
523     0.033179738     0.019269690     336.818     40.769    220.769     149.355    0.010000
524     0.037795182     0.022770977     339.714     45.671    222.722     148.699    0.010000
525     0.030373063     0.051240072     336.581     43.551    216.715     147.527    0.010000
526     0.029208856     0.021458995     341.004     44.559    214.601     149.361    0.010000
527     0.047798928     0.022931777     343.249     39.933    220.601     149.998    0.010000
528     0.045056332     0.024686180     341.409     41.605    214.871     148.460    0.010000
529     0.026924705     0.022928368     343.265     38.722    218.339     149.820    0.010000
530     0.047580782     0.020374859     343.078     37.100    222.074     148.820    0.010000
531     0.034238331     0.020746987     340.864     38.227    220.307     149.941    0.010000
532     0.049734514     0.028563496     340.573     35.409    213.905     149.447    0.010000
533     0.029737690     0.024581350     340.997     36.339    219.977     149.665    0.010000
534     0.044707336     0.025659863     343.566     38.777    223.694     149.062    0.010000
535     0.039253455     0.026402485     343.451     33.306    226.317     149.422    0.010000
536     0.051677074     0.022213317     340.839     32.913    227.991     149.361    0.010000
537     0.039247893     0.024427941     342.564     33.303    224.081     149.447    0.000000
538     0.030743869     0.029177515     342.467     32.193    235.185     149.846    0.020000
539     0.047295060     0.035843946     216.250     147.423    334.115     30.772    0.000000
540     0.033958934     0.040174324     342.688     31.364    238.653     147.407    0.010000
541     0.033787601     0.030382959     232.514     145.826    339.054     32.406    0.020000
542     0.025097212     0.024777532     240.974     148.220    339.237     32.852    0.000000
543     0.032825183     0.032941807     237.733     149.318    335.963     30.153    0.020000
544     0.033432309     0.033873703     235.834     149.574    343.420     30.182    0.010000
545     0.037408091     0.041164290     232.304     149.203    340.013     31.276    0.010000
546     0.039961435     0.040018152     239.650     149.396    341.294     31.713    0.010000
547     0.030847253     0.033198103     246.325     149.921    336.558     30.750    0.000000
548     0.036615562     0.031906772     235.960     149.842    335.157     30.016    0.010000
549     0.031293560     0.036542155     232.485     149.181    337.382     30.795    0.020000
550     0.036555454     0.031439956     234.161     149.330    343.479     31.670    0.010000
551     0.037443977     0.028796136     241.551     149.204    342.964     30.192    0.010000
552     0.034585774     0.038570020     237.784     148.813    343.909     31.501    0.000000
553     0.030664217     0.039567351     241.310     149.907    292.938     32.004    0.010000
554     0.042587694     0.029561749     238.864     149.066    343.484     30.414    0.010000
555     0.026966551     0.032833878     242.381     149.443    340.066     30.147    0.010000
556     0.037194274     0.050547007     243.898     149.564    310.848     33.687    0.020000
557     0.043547392     0.032539893     240.538     149.036    310.730     39.694    0.000000
558     0.035500426     0.051996600     249.594     149.968    293.599     37.702    0.010000
559     0.053272519     0.019412300     236.436     147.654    324.940     36.441    0.010000
560     0.028288564     0.022822743     245.536     149.119    343.488     31.073    0.010000
561     0.033320956     0.036299273     247.715     148.907    292.452     36.389    0.010000
562     0.035150152     0.031704850     244.263     149.063    339.621     30.544    0.010000
563     0.039431985     0.034632932     243.820     147.433    325.771     36.255    0.010000
564     0.032334290     0.034268219     232.818     145.843    340.424     33.229    0.010000
565     0.022544935     0.029565761     252.134     148.946    342.338     36.603    0.010000
566     0.036344808     0.027250173     252.379     149.544    297.133     31.795    0.010000
567     0.049922921     0.028060453     251.363     149.601    339.714     36.096    0.010000
568     0.041234531     0.027419750     242.743     146.588    338.619     30.827    0.010000
569     0.020889480     0.035607688     260.594     148.594    327.075     30.943    0.010000
570     0.030671181     0.042950686     262.422     149.778    335.300     35.097    0.010000
571     0.038118251     0.025946319     259.426     149.097    343.275     32.732    0.010000
572     0.039937489     0.028870057     249.002     145.967    339.453     30.706    0.000000
573     0.020782977     0.040291760     256.459     148.400    292.997     37.072    0.020000
574     0.033275638     0.037905812     268.601     149.500    343.482     33.200    0.010000
575     0.037937231     0.026218472     257.875     149.869    327.497     32.891    0.000000
576     0.042637836     0.025499701     243.293     143.874    321.983     35.733    0.020000
577     0.022393582     0.028080449     265.527     149.641    327.287     39.708    0.000000
578     0.058417384     0.035333022     268.701     149.430    322.169     39.627    0.020000
579     0.028036844     0.028336445     267.030     149.213    321.017     40.823    0.010000
580     0.033128116     0.026161410     267.669     149.344    320.187     41.378    0.010000
581     0.030234335     0.025467372     266.292     149.235    319.439     44.428    0.000000
582     0.029433986     0.029575016     252.381     148.484    323.255     48.769    0.010000
583     0.034406483     0.034235246     252.812     146.939    317.679     41.047    0.020000
584     0.023118034     0.021973988     246.624     144.973    318.119     45.380    0.010000
585     0.021367395     0.028362367     261.680     149.332    317.461     42.031    0.010000
586     0.045329664     0.026135672     263.964     149.919    316.992     43.321    0.000000
587     0.035822179     0.024517473     270.497     149.874    319.330     42.644    0.010000
588     0.035174746     0.024121314     267.252     148.871    319.573     43.809    0.010000
589     0.043583304     0.030199796     264.351     147.461    320.054     43.814    0.020000
590     0.023410134     0.022684809     263.562     148.761    318.691     47.893    0.000000
591     0.029178442     0.036012292     265.463     149.402    316.774     45.683    0.010000
592     0.043584324     0.022110596     264.521     149.037    312.397     46.357    0.010000
593     0.034310129     0.025887873     265.738     148.577    310.921     46.192    0.020000
594     0.029447261     0.032473169     267.543     148.122    313.617     43.845    0.000000
595     0.031203970     0.021261787     279.083     149.221    310.408     40.001    0.020000
596     0.043040480     0.022760369     275.160     149.053    308.870     36.534    0.000000
597     0.037231777     0.019146429     270.524     148.291    303.372     37.988    0.010000
598     0.032911189     0.029313685     280.945     149.918    305.189     39.503    0.020000
599     0.051746815     0.026708717     278.291     148.176    304.203     38.598    0.010000
600     0.031741031     0.022550488     271.042     147.721    304.816     40.548    0.000000
601     0.029679315     0.030024270     272.700     148.140    300.044     36.371    0.020000
602     0.026670670     0.019568993     279.984     148.807    290.812     33.497    0.010000
603     0.031807553     0.028896119     285.312     149.567    288.519     32.597    0.010000
604     0.033068944     0.030561589     273.997     147.298    291.579     36.138    0.010000
605     0.023727460     0.037473373     281.280     147.681    289.676     31.819    0.010000
606     0.026050959     0.024449462     285.508     148.154    289.200     32.011    0.010000
607     0.040731505     0.032430016     279.905     148.760    291.952     35.984    0.010000
608     0.041764881     0.025243819     276.519     147.740    288.430     33.989    0.010000
609     0.028876398     0.025483953     275.704     145.887    290.605     32.716    0.010000
610     0.024563741     0.023534160     278.030     146.599    288.591     35.503    0.010000
611     0.028242121     0.028031811     286.722     147.812    289.858     35.361    0.010000
612     0.030870302     0.028559240     277.913     146.257    288.048     34.922    0.000000
613     0.022691829     0.022523124     282.524     145.853    289.914     34.165    0.010000
614     0.030638529     0.025223009     284.478     147.206    291.606     35.642    0.010000
615     0.028997054     0.025754128     282.193     145.542    288.030     32.540    0.010000
616     0.023402171     0.030136473     285.948     147.244    288.800     34.668    0.010000
617     0.037578825     0.029047649     273.755     144.563    290.105     34.084    0.010000
618     0.021105461     0.034090348     284.619     146.085    289.228     31.464    0.020000
619     0.029932909     0.035145063     279.553     146.179    292.202     33.864    0.000000
620     0.022592718     0.026378827     281.061     146.997    289.028     32.471    0.020000
621     0.026919167     0.028824087     278.952     145.818    288.319     34.082    0.000000
622     0.024903622     0.026343970     279.147     142.226    298.972     33.467    0.020000
623     0.020474060     0.026278416     284.897     145.583    293.968     32.973    0.010000
624     0.027448762     0.027944146     277.721     143.966    319.038     40.132    0.010000
625     0.018318288     0.042396713     280.836     145.817    290.130     33.053    0.000000
626     0.022758676     0.023579005     283.193     144.164    294.050     33.105    0.010000
627     0.023216976     0.027008120     282.083     144.202    289.767     31.794    0.020000
628     0.021043131     0.029595442     286.265     145.693    289.220     32.576    0.000000
629     0.023623051     0.035798378     287.422     147.258    291.509     34.440    0.020000
630     0.027274169     0.029540164     277.972     145.735    300.711     37.488    0.010000
631     0.027285600     0.030517930     284.942     145.790    318.118     39.915    0.010000
632     0.022197528     0.026813811     280.847     145.091    309.333     37.443    0.000000
633     0.023941947     0.020053677     283.038     142.540    326.924     34.177    0.020000
634     0.021990757     0.019685086     276.544     142.428    291.708     30.937    0.010000
635     0.020266907     0.033436321     281.542     142.294    297.336     30.091    0.010000
636     0.022362778     0.043082811     277.634     142.161    290.974     31.148    0.010000
637     0.023683352     0.030608153     278.305     142.766    291.704     30.759    0.000000
638     0.031101920     0.032823682     278.782     142.667    289.044     30.318    0.010000
639     0.028548917     0.047456019     277.780     142.849    288.866     30.710    0.010000
640     0.026255939     0.032575920     278.811     143.898    293.246     33.023    0.010000
641     0.025546346     0.028689682     279.106     142.981    314.341     31.853    0.010000
642     0.022427980     0.028644968     277.018     143.910    288.751     31.894    0.010000
643     0.022486977     0.026926110     283.834     144.594    296.314     32.219    0.010000
644     0.024574302     0.031485263     275.622     140.755    293.007     30.734    0.010000
645     0.018603938     0.039947182     275.227     143.668    335.980     30.241    0.020000
646     0.039908819     0.037389159     274.048     140.700    291.988     30.728    0.000000
647     0.021757031     0.032440625     275.662     144.070    291.063     30.021    0.010000
648     0.032116510     0.038447328     272.245     140.494    302.108     31.367    0.010000
649     0.023963984     0.032158114     267.863     140.993    340.812     36.421    0.010000
650     0.022449905     0.034279685     269.625     140.237    334.056     40.712    0.010000
651     0.027767114     0.042143878     270.534     143.635    336.444     40.298    0.020000
652     0.037914518     0.028653177     264.613     141.108    334.305     42.870    0.010000
653     0.026565721     0.028204132     267.812     143.762    334.915     40.050    0.010000
654     0.022501465     0.022770377     272.646     143.295    330.040     39.282    0.010000
655     0.023118461     0.023631610     266.669     143.112    337.728     40.756    0.000000
656     0.022449192     0.027832109     267.654     144.580    330.058     44.241    0.020000
657     0.026730319     0.030795712     261.781     140.779    332.368     40.196    0.000000
658     0.017963532     0.019071955     260.886     141.407    327.346     36.133    0.010000
659     0.026639784     0.025441060     257.684     143.679    325.177     33.343    0.020000
660     0.026804278     0.022866882     255.665     140.426    323.619     31.685    0.000000
661     0.023397241     0.037179574     255.950     142.341    317.286     31.272    0.010000
662     0.026455315     0.027463226     259.217     145.044    316.778     35.129    0.010000
663     0.027686188     0.029361323     258.503     145.269    329.431     32.795    0.020000
664     0.021617427     0.025615185     258.588     145.765    313.559     31.767    0.000000
665     0.023891518     0.032955959     259.006     144.744    314.437     30.187    0.020000
666     0.021050449     0.063359246     261.591     146.948    314.359     37.597    0.000000
667     0.030147301     0.041510075     258.362     146.100    291.698     40.796    0.010000
668     0.025665054     0.034725327     249.417     145.335    289.477     40.253    0.010000
669     0.021950213     0.024684412     249.153     143.753    340.385     40.629    0.010000
670     0.022038558     0.024076208     242.226     143.487    342.546     37.794    0.010000
671     0.022008168     0.023785437     237.037     141.501    343.226     35.192    0.010000
672     0.019013530     0.021901401     237.427     143.718    342.005     32.756    0.010000
673     0.033616304     0.029545628     237.406     145.473    342.616     30.677    0.010000
674     0.027674450     0.035174713     233.742     145.522    340.901     30.726    0.010000
675     0.023321813     0.047916163     241.159     146.906    340.356     32.390    0.000000
676     0.029478077     0.027357645     235.860     146.463    343.383     31.050    0.010000
677     0.025253924     0.029403519     229.438     146.054    337.951     30.756    0.010000
678     0.023984499     0.029089658     225.252     145.027    335.233     30.101    0.010000
679     0.021834746     0.044340640     223.207     145.467    332.280     30.915    0.010000
680     0.025025601     0.034473702     222.164     147.144    332.862     31.525    0.010000
681     0.031702112     0.029021382     226.190     148.614    325.077     31.953    0.010000
682     0.038520925     0.039932530     222.044     148.923    319.510     30.078    0.010000
683     0.032832932     0.048065029     218.767     148.161    311.676     31.127    0.010000
684     0.026654081     0.033753149     214.602     149.239    311.482     31.168    0.010000
685     0.043159809     0.036304381     306.807     31.311    213.692     148.472    0.010000
686     0.030506700     0.035109885     306.070     31.473    213.470     146.828    0.010000
687     0.023540253     0.037262093     296.067     31.068    215.264     144.514    0.010000
688     0.020630293     0.034691542     293.269     31.880    286.277     147.606    0.010000
689     0.034312911     0.029607091     297.828     34.999    264.939     149.773    0.000000
690     0.040439509     0.025088793     295.324     33.999    258.505     148.963    0.020000
691     0.036508687     0.026890492     291.268     36.173    257.812     147.640    0.000000
692     0.025473325     0.024714673     292.074     37.971    258.389     146.055    0.020000
693     0.023313921     0.039339051     291.233     32.977    255.083     144.431    0.010000
694     0.023606906     0.028750483     289.666     33.713    244.515     137.737    0.010000
695     0.024666039     0.023808416     294.198     36.723    249.128     140.314    0.010000
696     0.024444269     0.026351469     288.083     34.740    246.529     139.004    0.010000
697     0.024794828     0.019963896     288.560     36.858    241.884     141.120    0.010000
698     0.022273472     0.026796088     290.745     38.534    221.876     137.167    0.000000
699     0.020264938     0.026173150     293.716     42.840    221.544     140.950    0.020000
700     0.030169463     0.031283401     343.441     41.392    273.095     138.710    0.010000
701     0.017917838     0.021937726     341.608     39.865    272.154     137.888    0.010000
702     0.021449843     0.024175743     343.160     42.888    267.769     138.530    0.000000
703     0.023799511     0.032830842     332.057     40.098    271.283     143.068    0.010000
704     0.032581493     0.028658278     319.135     44.408    264.248     144.254    0.020000
705     0.030245958     0.030968087     325.331     39.321    260.484     139.139    0.010000
706     0.019520266     0.020837143     334.135     43.825    256.671     138.533    0.000000
707     0.020660691     0.039234158     317.772     39.841    238.532     135.446    0.020000
708     0.021191757     0.019999448     309.255     37.126    250.687     138.281    0.010000
709     0.027708149     0.018462900     306.011     37.688    247.139     137.835    0.000000
710     0.022493297     0.021954147     310.337     39.161    242.630     137.264    0.010000
711     0.025180342     0.026348170     304.828     40.132    227.605     135.360    0.010000
712     0.023937263     0.026561625     296.975     38.559    223.873     134.490    0.010000
713     0.020561617     0.026945621     299.268     40.557    220.979     134.401    0.010000
714     0.022931075     0.030754063     293.729     40.098    221.250     136.505    0.010000
715     0.023471110     0.024029769     289.298     39.790    222.010     137.978    0.010000
716     0.024192790     0.022574924     289.900     41.230    238.099     143.009    0.010000
717     0.038384218     0.031604085     291.816     43.972    216.197     139.186    0.020000
718     0.020291399     0.023101024     291.619     45.668    226.361     143.859    0.000000
719     0.030569926     0.023120496     302.101     49.913    221.584     142.174    0.020000
720     0.018527595     0.037636846     288.073     48.156    218.336     143.804    0.000000
721     0.022461195     0.022411738     288.647     49.672    213.565     147.494    0.010000
722     0.040030211     0.023526333     288.329     45.389    226.413     144.710    0.010000
723     0.019002061     0.023211846     294.117     50.114    252.021     149.923    0.010000
724     0.052227173     0.039514784     291.832     48.875    223.519     144.340    0.010000
725     0.019019363     0.027564298     298.183     52.190    218.244     145.452    0.010000
726     0.024784762     0.031529065     330.641     53.787    231.467     140.904    0.010000
727     0.020033227     0.026058853     335.594     53.120    225.571     137.534    0.010000
728     0.019610375     0.021861773     333.842     51.510    216.823     136.608    0.000000
729     0.016196173     0.018490408     338.705     51.602    227.059     134.704    0.010000
730     0.021566316     0.027517116     334.800     43.452    233.738     131.699    0.020000
731     0.022649456     0.019556373     343.557     46.537    230.749     136.671    0.000000
732     0.040712658     0.034530997     340.116     42.507    231.598     130.286    0.020000
733     0.020892214     0.022670705     304.337     37.277    232.019     132.205    0.010000
734     0.023810519     0.022792762     300.622     34.883    233.827     130.977    0.000000
735     0.020576699     0.020035997     293.560     32.472    239.226     132.228    0.010000
736     0.022881802     0.024432519     292.118     33.428    216.072     130.464    0.010000
737     0.019788127     0.029685488     288.720     32.805    220.744     131.379    0.010000
738     0.021514732     0.030306857     292.714     33.283    222.021     132.003    0.010000
739     0.025966629     0.025061248     289.894     32.823    213.446     136.802    0.010000
740     0.032132454     0.026491188     288.464     33.036    213.435     130.810    0.020000
741     0.025108200     0.024823368     291.665     32.409    214.558     129.198    0.000000
742     0.021862701     0.023613621     289.357     32.114    219.589     132.511    0.020000
743     0.029327767     0.026283398     298.262     35.525    216.966     132.879    0.010000
744     0.029984258     0.027944408     289.805     33.912    214.166     137.571    0.000000
745     0.030436933     0.024395593     289.035     33.978    216.701     138.123    0.010000
746     0.024919549     0.027032044     288.474     32.484    215.236     138.805    0.010000
747     0.022676853     0.028346447     290.845     33.610    214.068     138.944    0.010000
748     0.022910871     0.025817394     290.522     34.851    215.890     139.661    0.010000
749     0.018653981     0.023394730     292.870     33.488    218.786     141.549    0.020000
750     0.025176311     0.029396996     292.329     34.383    213.630     139.303    0.010000
751     0.020362830     0.027358502     288.801     33.942    215.267     139.288    0.000000
752     0.021678034     0.020941122     291.625     35.204    219.889     142.729    0.010000
753     0.025517020     0.027841194     289.963     37.357    213.565     140.414    0.010000
754     0.021734999     0.029245237     288.754     34.438    213.785     141.173    0.010000
755     0.023362445     0.025072632     289.591     36.972    213.562     141.222    0.010000
756     0.023059905     0.032234281     292.164     36.789    214.503     141.570    0.010000
757     0.022420393     0.021974204     288.182     36.389    223.717     144.289    0.010000
758     0.033381000     0.025814604     291.812     38.255    215.031     143.891    0.010000
759     0.024766898     0.023922751     291.750     36.413    216.283     142.899    0.010000
760     0.022659015     0.020076975     289.586     36.030    216.380     146.636    0.010000
761     0.031243598     0.021211088     290.501     37.907    217.874     148.927    0.010000
762     0.035753492     0.026719291     288.463     38.311    215.227     146.154    0.010000
763     0.021690123     0.025148388     288.245     36.804    219.419     147.329    0.010000
764     0.025164014     0.024496125     290.882     36.621    219.549     147.844    0.010000
765     0.030561574     0.022986520     290.610     37.188    215.194     146.896    0.000000
766     0.025682045     0.031419229     289.753     35.866    216.764     147.427    0.020000
767     0.028093785     0.019365789     293.857     38.681    226.824     148.582    0.010000
768     0.037982304     0.035853162     290.110     38.807    213.491     147.305    0.000000
769     0.025346069     0.027472327     293.681     37.889    221.480     148.241    0.010000
770     0.029368198     0.022812491     293.823     39.897    214.402     147.677    0.020000
771     0.025088208     0.032301579     298.395     43.550    215.802     143.494    0.010000
772     0.019995425     0.033749983     292.915     40.057    216.025     143.850    0.000000
773     0.021335483     0.018816851     293.505     40.685    216.683     149.838    0.000000
774     0.039785471     0.026687518     293.830     39.876    217.311     145.271    0.010000
775     0.028695559     0.024467206     290.010     39.829    213.439     147.808    0.020000
776     0.024452185     0.020621980     294.992     40.396    219.237     146.106    0.000000
777     0.032558814     0.026057689     288.328     39.365    223.163     149.940    0.010000
778     0.049117789     0.024903810     290.928     39.972    213.736     148.107    0.010000
779     0.028530413     0.021578696     289.825     37.158    213.821     149.895    0.020000
780     0.040730413     0.024524452     292.912     41.456    213.883     149.657    0.010000
781     0.028577954     0.036608759     297.268     40.722    216.845     149.580    0.000000
782     0.037453834     0.025466442     292.899     40.714    214.331     149.387    0.010000
783     0.037513964     0.022813041     294.046     39.427    215.490     149.701    0.010000
784     0.036384191     0.025896929     296.734     41.758    213.636     149.669    0.010000
785     0.038154982     0.027649829     301.780     42.558    215.485     145.536    0.010000
786     0.025235128     0.023754980     301.798     42.250    217.816     147.875    0.010000
787     0.026353870     0.022374669     299.403     43.235    214.475     143.572    0.010000
788     0.024004376     0.019647032     302.847     44.130    219.903     146.691    0.010000
789     0.024092156     0.027423872     305.352     43.081    218.891     145.326    0.010000
790     0.024057930     0.029787589     300.793     43.483    215.268     144.406    0.010000
791     0.022516681     0.027454717     302.122     43.373    217.825     146.372    0.010000
792     0.025559427     0.022967320     304.503     43.504    217.663     144.098    0.010000
793     0.021581581     0.023052871     311.540     45.819    218.151     147.872    0.010000
794     0.039682321     0.025757683     302.217     41.955    217.592     149.701    0.010000
795     0.036291998     0.020737164     306.541     43.370    221.057     149.347    0.010000
796     0.027113063     0.028330632     312.973     44.440    220.656     149.177    0.010000
797     0.039171413     0.022075118     305.712     42.766    217.472     142.560    0.020000
798     0.023736179     0.021242054     308.661     43.668    223.662     143.891    0.010000
799     0.025846845     0.023471428     313.659     43.450    230.834     146.192    0.000000
800     0.026504127     0.024417721     316.994     44.635    228.194     144.589    0.000000
801     0.022315625     0.029769206     313.694     41.520    232.361     145.841    0.020000
802     0.023993755     0.023111213     318.069     43.763    234.772     145.594    0.010000
803     0.027435148     0.027609674     317.801     45.622    237.689     145.931    0.010000
804     0.023751128     0.030295108     315.113     40.983    235.172     143.726    0.010000
805     0.019992393     0.018598696     319.295     45.038    237.875     145.083    0.010000
806     0.021039603     0.035414930     326.829     46.333    243.178     146.648    0.020000
807     0.026405638     0.027925413     328.503     48.322    238.342     145.052    0.000000
808     0.024790553     0.026550120     323.614     45.675    247.321     146.865    0.010000
809     0.027836442     0.020741830     332.037     48.154    240.723     144.517    0.010000
810     0.018488431     0.024762696     332.984     48.193    249.488     146.675    0.010000
811     0.026363932     0.024353880     331.303     45.906    242.953     144.246    0.010000
812     0.021374540     0.025782431     331.096     47.032    252.040     147.442    0.010000
813     0.027709700     0.022109926     331.123     46.648    247.210     145.648    0.010000
814     0.023798820     0.021913866     332.279     46.268    245.465     145.217    0.010000
815     0.027150277     0.026300006     333.618     46.203    249.878     145.660    0.010000
816     0.021744687     0.019638784     338.814     46.386    246.442     145.023    0.000000
817     0.025135893     0.020784108     338.749     47.178    256.393     147.371    0.010000
818     0.036587607     0.025975998     342.795     47.944    259.883     148.035    0.020000
819     0.025807403     0.025973378     339.332     44.017    245.331     143.622    0.000000
820     0.022595169     0.020887950     337.422     44.789    252.778     144.471    0.010000
821     0.020201139     0.024477901     338.490     45.352    255.558     148.437    0.010000
822     0.035341974     0.023535443     341.662     46.649    255.364     146.438    0.020000
823     0.021318160     0.023143565     342.326     46.739    254.784     146.366    0.000000
824     0.021907173     0.023029776     342.636     43.522    252.586     145.935    0.010000
825     0.026145734     0.022950655     341.066     44.887    251.648     144.257    0.010000
826     0.022855120     0.029972652     341.551     42.226    255.478     146.294    0.020000
827     0.023787176     0.024044769     342.389     46.422    261.663     148.271    0.000000
828     0.031374998     0.036182430     342.767     46.020    262.676     148.636    0.010000
829     0.036766302     0.022440163     341.380     45.053    255.962     147.388    0.020000
830     0.028679578     0.020553598     341.485     41.984    254.857     146.542    0.000000
831     0.024779124     0.022428583     340.656     44.851    259.410     147.734    0.010000
832     0.023178635     0.029597029     341.330     42.312    258.362     148.518    0.010000
833     0.032714888     0.022059038     343.355     42.877    267.332     149.632    0.010000
834     0.038688302     0.026006630     340.448     45.074    256.992     147.063    0.010000
835     0.025090948     0.030354749     342.137     42.396    262.708     148.367    0.010000
836     0.036776040     0.023011357     343.658     46.259    266.423     149.624    0.010000
837     0.038933683     0.042481482     338.784     42.558    264.208     149.071    0.010000
838     0.034052521     0.020532137     343.265     41.179    247.931     145.534    0.010000
839     0.023654535     0.022101395     338.055     43.321    253.540     147.505    0.010000
840     0.026984600     0.028862335     339.511     45.070    261.161     148.677    0.010000
841     0.040481348     0.023483410     340.785     45.341    259.169     148.950    0.010000
842     0.031916022     0.023227330     340.581     43.182    256.091     148.698    0.010000
843     0.032365870     0.025206102     340.604     45.308    252.407     145.184    0.000000
844     0.024457285     0.025283208     340.107     45.955    258.932     149.877    0.020000
845     0.047739595     0.024951002     343.392     45.150    261.315     149.147    0.000000
846     0.046593398     0.022983013     339.691     45.031    255.077     149.125    0.020000
847     0.028458904     0.023795674     339.352     45.736    253.765     147.994    0.000000
848     0.024729304     0.023223715     337.269     45.113    250.963     146.412    0.010000
849     0.027516589     0.026337003     336.338     43.875    266.175     149.932    0.010000
850     0.042282969     0.024269661     335.501     41.371    250.997     147.156    0.020000
851     0.025730968     0.022239896     338.496     42.998    255.981     147.468    0.000000
852     0.025460877     0.028950641     333.682     44.030    264.193     149.475    0.010000
853     0.035194300     0.025483189     338.695     41.127    255.485     147.589    0.020000
854     0.026107075     0.022026191     339.748     41.862    251.035     147.841    0.000000
855     0.025154354     0.027735922     337.180     41.055    255.617     147.837    0.010000
856     0.027499242     0.024283715     335.146     45.781    245.118     145.587    0.010000
857     0.025904700     0.030696705     334.285     45.369    262.129     149.519    0.010000
858     0.036114823     0.028394753     336.611     44.724    246.380     146.690    0.010000
859     0.020981543     0.025818108     330.064     40.817    253.898     147.507    0.010000
860     0.024225628     0.021198621     336.108     44.528    261.439     149.832    0.020000
861     0.042345703     0.033591658     337.431     46.944    250.180     147.100    0.000000
862     0.030742450     0.031660128     329.183     43.941    249.494     148.612    0.010000
863     0.041504305     0.020595225     331.757     44.851    252.063     148.509    0.010000
864     0.048625853     0.029557390     335.010     41.480    254.091     148.985    0.010000
865     0.031215582     0.022257907     330.644     45.199    256.197     148.776    0.010000
866     0.032629009     0.033584867     333.909     44.081    253.557     148.288    0.000000
867     0.027299462     0.024853468     334.986     44.212    258.531     148.938    0.020000
868     0.035275176     0.021779161     337.016     46.923    251.295     147.315    0.010000
869     0.024429061     0.029913578     336.502     46.283    243.699     145.889    0.010000
870     0.028097915     0.023507217     336.004     47.422    248.943     147.597    0.010000
871     0.023633717     0.023270620     330.771     44.165    254.641     149.632    0.010000
872     0.038537379     0.020112013     327.988     43.137    246.562     147.334    0.000000
873     0.023400668     0.019024970     336.486     46.404    248.493     148.453    0.020000
874     0.032113761     0.027999729     331.772     45.115    247.807     147.671    0.010000
875     0.032216258     0.029692454     337.395     46.743    239.527     147.144    0.000000
876     0.022795269     0.022891659     332.598     45.890    253.202     149.271    0.010000
877     0.043805167     0.024547571     340.153     44.693    253.095     149.969    0.010000
878     0.043198861     0.024577536     335.323     44.762    244.280     147.880    0.020000
879     0.030860048     0.024824252     330.909     44.719    247.456     149.082    0.010000
880     0.032201182     0.027329283     339.691     50.295    245.853     148.874    0.010000
881     0.028070051     0.044080403     330.355     45.187    247.699     148.792    0.000000
882     0.029846784     0.020311352     334.408     47.515    252.524     149.988    0.010000
883     0.037527148     0.027876871     341.785     45.374    238.370     148.201    0.010000
884     0.025061876     0.023706088     336.331     47.852    236.475     147.547    0.020000
885     0.025922280     0.030418603     336.083     47.913    240.028     149.310    0.000000
886     0.041586507     0.024187298     332.788     41.457    239.769     149.686    0.010000
887     0.038099967     0.023230890     337.813     46.308    243.056     149.506    0.020000
888     0.037869465     0.029928455     343.381     45.204    239.560     148.885    0.000000
889     0.031504773     0.022191331     334.296     46.942    237.144     148.400    0.010000
890     0.030735480     0.028871246     343.231     44.670    235.920     149.146    0.010000
891     0.029711690     0.025630921     340.775     48.063    236.177     149.049    0.010000
892     0.031785786     0.036492504     342.774     44.533    233.779     148.859    0.010000
893     0.041428123     0.020056190     343.993     45.570    237.740     149.811    0.010000
894     0.040169392     0.026229916     335.199     46.756    231.059     149.357    0.010000
