fNo.       mw1            mw2        best1.x[0]     best1.theta     best2.x[0]   best2.theta   t/frame
0     0.000000000     0.000000000     287.732     39.984    263.132     151.878    0.230000
1     0.111713089     0.077559710     301.651     44.155    254.423     149.336    0.010000
2     0.068355173     0.088921458     298.907     41.882    252.741     149.365    0.010000
3     0.078545801     0.039796840     297.885     41.073    251.910     148.549    0.010000
4     0.066162832     0.041073710     295.965     41.835    256.298     149.290    0.020000
5     0.077907816     0.055267375     299.071     43.096    252.137     148.314    0.000000
6     0.048309017     0.065875366     299.578     40.053    250.858     148.735    0.010000
7     0.090018071     0.040461250     293.490     40.352    246.915     147.614    0.010000
8     0.059358072     0.058058891     295.836     41.946    231.559     144.737    0.010000
9     0.051576573     0.061811183     288.512     37.632    235.360     145.438    0.010000
10     0.054775115     0.042491067     292.984     40.720    242.693     147.540    0.000000
11     0.055386432     0.061358504     290.948     45.596    277.497     147.798    0.020000
12     0.080529377     0.087300360     301.316     46.254    278.696     145.359    0.000000
13     0.045018092     0.054463614     293.761     45.369    284.178     149.448    0.020000
14     0.116212957     0.042798568     290.070     44.381    287.953     146.623    0.010000
15     0.041880064     0.041449390     289.672     44.340    270.229     147.643    0.000000
16     0.055256020     0.041674964     296.492     45.921    268.990     143.901    0.020000
17     0.037796501     0.043303229     300.201     47.719    267.525     146.965    0.000000
18     0.050537776     0.044077706     290.996     46.349    282.442     149.990    0.010000
19     0.092533857     0.049153727     288.729     44.898    281.967     149.468    0.010000
20     0.066495344     0.041926604     289.076     44.172    279.438     149.799    0.010000
21     0.083552986     0.047345977     293.318     45.509    284.121     149.532    0.010000
22     0.090367973     0.054490909     294.900     47.248    279.525     149.294    0.010000
23     0.048720762     0.048546746     306.155     49.275    280.633     149.770    0.010000
24     0.074008480     0.064562373     298.954     45.453    249.237     145.701    0.010000
25     0.046103612     0.037351169     292.258     45.069    243.448     145.225    0.010000
26     0.046962533     0.048602019     294.285     45.317    260.550     146.952    0.010000
27     0.058289345     0.048764195     289.798     41.311    271.021     148.676    0.010000
28     0.069107279     0.050971415     298.206     45.066    234.514     143.765    0.010000
29     0.047661036     0.086354040     296.703     45.313    255.405     148.638    0.010000
30     0.079848833     0.049629703     300.553     44.488    236.830     144.599    0.010000
31     0.052174162     0.038408052     289.773     42.737    231.068     143.633    0.010000
32     0.057242941     0.044449605     290.647     38.632    231.982     144.053    0.010000
33     0.055688534     0.043692946     289.358     39.458    227.550     144.844    0.010000
34     0.050997879     0.061046105     288.647     41.277    233.177     145.502    0.000000
35     0.046803247     0.050690755     292.265     42.333    234.743     147.057    0.020000
36     0.050311264     0.051287774     295.670     39.404    260.970     149.623    0.010000
37     0.063648671     0.046195574     297.394     43.240    258.578     149.582    0.000000
38     0.104910500     0.067619547     296.068     39.912    254.166     149.602    0.010000
39     0.071070187     0.051150832     299.121     39.853    249.680     149.827    0.020000
40     0.086069733     0.049425256     290.632     40.861    247.604     148.090    0.000000
41     0.054029305     0.058681212     302.671     43.983    249.496     149.522    0.010000
42     0.090834573     0.055184539     301.623     42.952    243.373     149.630    0.020000
43     0.073181905     0.054080527     289.406     39.083    260.649     148.837    0.000000
44     0.057405151     0.043725729     292.276     37.672    259.278     148.725    0.010000
45     0.053181443     0.047207896     300.329     39.798    255.373     149.689    0.010000
46     0.069768883     0.070688091     288.840     36.781    259.825     149.714    0.010000
47     0.075834297     0.052753955     293.864     41.038    254.281     149.106    0.010000
48     0.076238908     0.050139036     302.034     39.347    262.068     149.578    0.010000
49     0.073824406     0.043568589     292.478     40.038    256.952     149.580    0.010000
50     0.065342724     0.041384686     301.381     39.075    264.645     149.839    0.010000
51     0.096419767     0.056123879     295.907     39.854    250.513     149.648    0.010000
52     0.081725746     0.044141263     299.323     37.783    259.817     148.570    0.010000
53     0.055443916     0.046849970     305.652     39.593    246.810     146.943    0.010000
54     0.079716340     0.067597173     294.918     36.973    242.791     146.032    0.010000
55     0.053553924     0.047802418     309.626     42.851    236.529     145.341    0.010000
56     0.057829563     0.081411548     301.173     38.686    254.648     147.691    0.000000
57     0.093312070     0.045581091     301.573     37.708    248.148     147.248    0.010000
58     0.061450999     0.044930372     299.604     39.509    249.177     147.280    0.020000
59     0.062032085     0.050576381     304.544     38.984    253.793     148.651    0.010000
60     0.058357999     0.046060905     304.699     40.991    255.400     147.289    0.000000
61     0.045819249     0.054783478     294.391     37.377    247.993     147.397    0.010000
62     0.054085467     0.039980903     299.565     36.346    234.477     143.930    0.010000
63     0.049856886     0.050278883     297.751     35.106    260.562     147.568    0.010000
64     0.063173607     0.056205992     298.111     35.704    262.687     147.506    0.010000
65     0.080001652     0.048493847     299.950     35.411    257.718     146.502    0.010000
66     0.055564843     0.044589862     297.457     34.813    269.032     149.182    0.010000
67     0.068292998     0.045781907     306.189     36.792    273.477     147.812    0.010000
68     0.054193765     0.053170420     315.086     40.820    284.211     149.405    0.010000
69     0.056193098     0.100290269     310.609     37.130    283.143     149.650    0.010000
70     0.107205302     0.035072766     314.995     40.059    283.616     149.020    0.010000
71     0.056569297     0.083098620     312.287     37.057    278.397     146.797    0.010000
72     0.042504780     0.046455614     312.047     37.972    269.206     145.935    0.010000
73     0.046700113     0.048073400     309.419     34.858    287.469     148.721    0.010000
74     0.064776920     0.047737099     311.579     36.455    280.987     147.733    0.000000
75     0.060381208     0.044505112     310.208     37.476    283.847     147.409    0.020000
76     0.039812177     0.054800887     317.689     36.274    282.952     148.231    0.010000
77     0.060073875     0.046019066     304.972     35.224    286.597     147.353    0.010000
78     0.047745943     0.047570962     313.391     36.122    281.250     146.210    0.000000
79     0.039772205     0.054754023     314.747     37.623    277.988     145.180    0.010000
80     0.046456538     0.070558958     307.637     33.991    275.721     144.184    0.020000
81     0.042436741     0.041353866     303.516     33.404    271.855     143.280    0.010000
82     0.050475463     0.050861124     315.886     34.952    271.484     143.534    0.010000
83     0.038611796     0.037503656     313.219     36.626    285.238     146.426    0.000000
84     0.046774566     0.041979123     319.709     36.636    279.022     144.593    0.010000
85     0.045202930     0.034358416     320.875     37.709    279.193     144.375    0.010000
86     0.048763122     0.048049904     320.816     36.816    277.620     143.647    0.010000
87     0.043985937     0.037754331     322.020     38.255    283.147     145.212    0.010000
88     0.057749923     0.045281790     312.168     34.469    267.891     140.694    0.020000
89     0.042085238     0.044608299     311.613     33.865    284.381     145.364    0.000000
90     0.097436756     0.049491726     323.716     38.903    265.187     141.345    0.010000
91     0.040995114     0.087183543     314.418     36.099    264.500     140.964    0.010000
92     0.042933080     0.051874630     310.810     33.892    278.269     143.718    0.020000
93     0.049581308     0.043980103     320.230     34.574    258.812     139.563    0.000000
94     0.045392398     0.066537678     305.371     32.073    278.463     144.471    0.000000
95     0.090628304     0.042477299     322.003     37.352    263.860     141.098    0.020000
96     0.038676489     0.071766660     319.829     36.660    277.897     144.372    0.010000
97     0.059643462     0.047859985     319.053     36.370    272.723     143.388    0.010000
98     0.044245284     0.053598162     328.740     38.604    273.922     141.665    0.010000
99     0.057938870     0.084687077     312.999     34.086    262.118     138.782    0.010000
100     0.042021237     0.044488352     314.790     34.812    275.596     142.285    0.010000
101     0.060693204     0.043875907     326.242     37.822    276.777     141.932    0.000000
102     0.041128881     0.078709647     330.319     37.930    279.839     143.228    0.020000
103     0.041076489     0.038342759     321.151     35.039    280.121     143.200    0.000000
104     0.048606183     0.053711019     327.827     37.815    283.090     143.884    0.020000
105     0.069443196     0.057715368     323.726     37.045    275.269     140.624    0.010000
106     0.046838865     0.050852932     320.190     36.289    278.087     141.683    0.010000
107     0.049186122     0.039270028     321.376     37.613    280.361     142.558    0.010000
108     0.040821854     0.046452306     325.396     38.048    278.012     141.210    0.010000
109     0.042769786     0.045035873     321.537     36.899    260.382     136.719    0.010000
110     0.034035891     0.046151843     318.893     35.425    268.279     140.931    0.000000
111     0.065703504     0.047588788     328.703     37.900    282.570     142.493    0.020000
112     0.047082074     0.050674874     320.128     35.687    262.030     137.405    0.000000
113     0.059080623     0.044878203     330.028     38.112    280.534     143.338    0.010000
114     0.075689875     0.045741182     325.952     36.970    269.748     140.831    0.010000
115     0.052929912     0.055699755     335.858     39.960    284.955     143.773    0.010000
116     0.052174713     0.049308088     327.812     35.512    278.388     141.332    0.010000
117     0.039907318     0.038223293     326.731     35.104    276.010     142.184    0.020000
118     0.050610933     0.046135779     329.573     35.911    274.028     143.213    0.000000
119     0.048335981     0.061922163     329.355     37.431    283.721     143.701    0.010000
120     0.045270137     0.047526032     326.856     34.516    272.477     139.979    0.010000
121     0.038591109     0.042649653     332.482     37.587    281.620     144.237    0.010000
122     0.060987309     0.056022704     324.595     36.568    249.442     136.784    0.010000
123     0.043532945     0.049544226     331.768     37.787    229.146     129.876    0.010000
124     0.036871076     0.063677728     323.123     35.704    223.543     130.370    0.010000
125     0.041828047     0.058138195     331.740     36.739    242.966     137.729    0.010000
126     0.078060113     0.054244440     330.975     36.946    230.570     135.784    0.000000
127     0.036633439     0.039630193     324.274     35.840    227.184     136.081    0.020000
128     0.040891167     0.043775935     333.164     36.293    237.592     138.428    0.010000
129     0.043647010     0.054789100     338.343     38.431    230.295     140.466    0.010000
130     0.043779708     0.059313636     329.200     36.743    226.698     139.002    0.010000
131     0.041774478     0.043317676     328.779     34.952    224.296     140.326    0.010000
132     0.047685519     0.046324316     325.707     33.900    277.690     142.875    0.000000
133     0.040014554     0.051010877     332.676     35.543    282.726     145.629    0.020000
134     0.057654120     0.045490526     331.082     35.063    286.892     148.594    0.010000
135     0.066331588     0.041153681     336.686     36.522    261.192     146.521    0.000000
136     0.039338868     0.059096094     334.693     36.318    263.806     147.345    0.010000
137     0.070966892     0.047935568     338.631     37.696    264.380     148.510    0.010000
138     0.060736764     0.038821936     331.841     35.019    273.213     141.753    0.010000
139     0.043070424     0.041186213     332.653     35.878    247.753     143.470    0.010000
140     0.049535021     0.064545840     339.545     35.700    286.499     149.391    0.010000
141     0.161181629     0.055391148     334.073     32.801    267.628     143.897    0.010000
142     0.039888144     0.050081205     326.332     32.041    271.025     149.359    0.000000
143     0.072530150     0.054321099     334.367     35.487    272.304     147.884    0.020000
144     0.043458052     0.061891533     340.316     35.211    273.323     145.449    0.010000
145     0.042403448     0.050696056     337.318     35.957    270.739     143.942    0.000000
146     0.045344941     0.045896914     332.540     33.879    272.277     143.688    0.020000
147     0.054191418     0.044506673     336.136     35.496    280.558     147.464    0.010000
148     0.073986754     0.056068826     325.583     32.271    276.749     143.339    0.010000
149     0.044684965     0.055752940     331.326     33.080    267.376     144.630    0.000000
150     0.041871261     0.058663778     318.900     30.024    263.802     142.586    0.010000
151     0.037616901     0.068517491     326.395     32.135    285.736     148.596    0.020000
152     0.074334785     0.050046522     323.789     31.774    287.874     145.304    0.000000
153     0.060431436     0.048322983     333.449     34.924    285.605     147.272    0.020000
154     0.050081864     0.064890169     333.343     33.999    283.760     148.891    0.000000
155     0.056756675     0.042801686     316.189     30.362    285.065     148.995    0.010000
156     0.052007072     0.049474463     322.535     30.757    281.825     148.937    0.020000
157     0.063058101     0.089613810     329.066     33.552    286.584     149.352    0.000000
158     0.077483751     0.097580574     334.694     36.246    272.922     146.167    0.010000
159     0.052026965     0.052698754     329.027     33.620    286.204     146.106    0.010000
160     0.049786232     0.049854517     315.309     30.398    285.958     147.640    0.010000
161     0.051056594     0.080844447     326.666     34.467    285.795     147.300    0.010000
162     0.051425584     0.041955821     332.639     34.387    284.722     146.718    0.020000
163     0.042527419     0.049611129     322.515     33.263    287.813     148.078    0.000000
164     0.068013094     0.046386339     329.379     34.573    280.378     146.121    0.010000
165     0.054068871     0.041701499     324.515     33.482    284.565     147.066    0.010000
166     0.054836307     0.050748494     328.119     33.973    264.291     141.514    0.010000
167     0.039740473     0.052417103     328.815     34.354    261.916     140.754    0.010000
168     0.044622403     0.051758669     327.393     34.767    259.700     141.628    0.010000
169     0.052203663     0.061394710     325.160     35.432    280.325     145.009    0.010000
170     0.075404868     0.047631256     331.297     36.197    255.979     141.822    0.010000
171     0.041620329     0.049532600     318.960     33.030    278.363     144.781    0.010000
172     0.043443702     0.047767010     328.530     36.056    274.545     144.550    0.010000
173     0.045203730     0.072959512     318.501     32.257    280.498     145.821    0.000000
174     0.049046606     0.056810096     310.824     31.555    287.952     148.143    0.010000
175     0.087269552     0.091051340     321.619     35.586    279.172     146.397    0.020000
176     0.054008976     0.061625127     320.220     32.709    275.132     142.299    0.010000
177     0.040409688     0.059475254     317.840     33.573    286.382     146.172    0.000000
178     0.059394032     0.069754191     322.321     35.060    286.204     146.739    0.010000
179     0.060301691     0.057318643     326.169     36.500    275.123     144.784    0.020000
180     0.042833414     0.065284818     314.674     31.932    281.681     145.986    0.000000
181     0.057770424     0.081549183     329.632     37.294    280.016     146.511    0.020000
182     0.051793773     0.076282360     319.166     34.498    281.832     143.221    0.000000
183     0.046257697     0.050953556     319.656     35.269    283.795     145.827    0.010000
184     0.069166534     0.046143085     321.604     35.838    283.410     146.081    0.010000
185     0.046925232     0.046895359     315.110     35.128    283.431     146.866    0.010000
186     0.044307612     0.047218706     309.706     34.027    281.742     144.296    0.020000
187     0.045438670     0.068053328     318.999     33.467    279.460     145.009    0.000000
188     0.039570283     0.042432610     312.648     33.480    287.294     146.877    0.010000
189     0.040060412     0.065645717     315.131     34.470    282.627     145.342    0.010000
190     0.049568102     0.052069023     314.060     33.483    270.383     142.639    0.010000
191     0.035861935     0.044161763     317.141     34.958    277.492     144.836    0.010000
192     0.053797379     0.061215430     316.885     34.644    284.957     141.556    0.010000
193     0.047436237     0.046211619     304.098     32.265    287.844     143.865    0.000000
194     0.038496315     0.076966889     299.971     30.941    275.993     143.417    0.020000
195     0.040901158     0.109705083     317.251     36.461    278.468     143.923    0.010000
196     0.053196754     0.073337331     323.712     38.508    286.381     143.309    0.010000
197     0.036968786     0.050400656     308.722     34.036    283.784     144.923    0.000000
198     0.055495355     0.054881215     317.056     37.201    269.770     141.908    0.010000
199     0.040574413     0.059091263     305.278     33.083    279.494     141.929    0.020000
200     0.049626146     0.048005175     304.048     33.766    268.701     139.027    0.010000
201     0.036571451     0.052644294     309.227     33.918    269.939     140.273    0.010000
202     0.056522008     0.053892013     321.151     38.046    277.672     143.024    0.010000
203     0.048605379     0.064788438     321.364     38.171    287.009     145.342    0.000000
204     0.063499682     0.047410041     309.831     34.751    282.871     144.888    0.010000
205     0.041437324     0.048121307     309.367     32.608    287.063     142.993    0.010000
206     0.036757212     0.048278924     309.501     34.408    275.053     140.296    0.010000
207     0.048422273     0.044138465     297.794     31.376    287.001     143.908    0.010000
208     0.048031572     0.061302561     308.063     35.291    285.911     145.090    0.010000
209     0.060456675     0.054526690     306.500     33.426    284.963     145.095    0.010000
210     0.048354283     0.052035972     306.432     34.789    277.251     143.407    0.010000
211     0.034901492     0.051042035     303.045     34.060    282.448     145.239    0.010000
212     0.041351754     0.051134720     308.261     35.291    285.071     145.235    0.010000
213     0.052708607     0.054461498     303.811     34.258    273.585     142.835    0.010000
214     0.040115606     0.042431869     310.099     35.446    270.559     142.924    0.010000
215     0.040715724     0.053735495     303.397     34.351    281.764     143.002    0.010000
216     0.041916136     0.045296673     298.310     31.663    284.599     146.273    0.010000
217     0.058942705     0.078684509     302.042     31.798    283.282     144.963    0.010000
218     0.039394911     0.101245865     298.035     31.776    280.670     144.073    0.010000
219     0.044386391     0.050853565     298.907     32.159    263.927     142.054    0.010000
220     0.049939293     0.059747640     310.580     36.397    272.752     141.356    0.010000
221     0.034120023     0.058667023     311.899     35.358    271.036     142.991    0.000000
222     0.053209897     0.044593982     308.769     36.165    281.631     143.122    0.020000
223     0.038650379     0.045735348     304.019     32.629    279.910     145.963    0.000000
224     0.051742487     0.057218701     300.272     33.075    282.398     147.384    0.020000
225     0.052491765     0.052087124     296.355     33.469    285.713     148.170    0.010000
226     0.049481496     0.047863282     301.098     34.809    287.114     146.555    0.010000
227     0.054721966     0.073358268     307.566     35.420    287.008     148.810    0.010000
228     0.067685388     0.038365386     306.747     35.785    283.034     146.359    0.000000
229     0.048494827     0.037270255     297.729     33.480    285.308     149.409    0.020000
230     0.066695429     0.041461308     297.150     33.691    276.626     145.754    0.000000
231     0.046366610     0.063215025     306.828     35.457    274.122     145.293    0.010000
232     0.050323617     0.047368996     298.083     35.062    272.634     145.688    0.010000
233     0.039665274     0.063685939     300.696     33.439    275.716     146.684    0.010000
234     0.038537115     0.073248297     297.292     34.276    281.520     146.256    0.010000
235     0.043774854     0.050751235     302.029     36.667    273.489     142.996    0.010000
236     0.034357969     0.058591474     309.104     37.572    284.358     147.982    0.010000
237     0.078777760     0.048534721     295.344     34.511    287.970     149.309    0.010000
238     0.101327978     0.048270945     296.544     35.544    285.530     147.622    0.010000
239     0.044778116     0.053285282     295.814     35.098    285.134     147.589    0.010000
240     0.052914578     0.047975130     304.201     37.398    276.573     145.261    0.010000
241     0.044119690     0.049102828     302.799     37.831    254.566     141.179    0.010000
242     0.038486265     0.058898270     306.582     40.718    259.646     143.856    0.010000
243     0.057334244     0.091524541     295.645     33.680    283.051     147.891    0.010000
244     0.077424258     0.044314008     292.612     34.982    277.374     149.165    0.000000
245     0.076302208     0.058463264     301.440     37.356    260.073     146.638    0.020000
246     0.048845150     0.059144031     304.673     39.615    254.489     142.294    0.000000
247     0.043628927     0.040181570     296.049     37.159    274.283     144.660    0.020000
248     0.044166878     0.053442258     304.436     38.254    251.793     140.972    0.010000
249     0.060073283     0.066143841     294.033     37.165    253.916     141.880    0.010000
250     0.048929330     0.038061135     302.799     39.135    247.962     140.611    0.010000
251     0.048741259     0.052633911     295.303     36.016    244.653     139.959    0.010000
252     0.076077335     0.057339724     300.038     37.716    269.804     145.167    0.000000
253     0.058587283     0.060798723     294.092     37.020    252.894     144.131    0.010000
254     0.042588763     0.040272515     290.131     36.411    280.131     149.902    0.010000
255     0.118523404     0.045160655     299.595     36.027    279.618     147.569    0.010000
256     0.070414327     0.050638303     295.409     36.021    280.363     148.970    0.010000
257     0.074940510     0.053231012     295.983     37.381    282.333     149.870    0.010000
258     0.083635889     0.061364233     289.774     34.338    241.658     143.140    0.010000
259     0.051755156     0.048977293     288.431     33.711    255.305     143.087    0.010000
260     0.046804849     0.052548066     305.791     37.915    240.838     142.720    0.010000
261     0.041261841     0.068593197     288.296     34.130    281.236     148.228    0.020000
262     0.072493233     0.041311603     293.401     34.683    269.647     146.759    0.000000
263     0.057516098     0.071259350     297.155     35.850    284.641     149.897    0.010000
264     0.088817388     0.060709026     300.250     36.967    267.404     147.711    0.010000
265     0.041162390     0.067224696     290.425     33.868    280.071     149.469    0.010000
266     0.119947903     0.043847837     296.500     37.096    258.675     145.170    0.010000
267     0.047157876     0.050006617     290.781     33.056    269.267     143.958    0.000000
268     0.060312692     0.055088010     294.661     34.478    241.856     143.350    0.020000
269     0.054201551     0.052750323     303.220     36.860    242.107     142.809    0.010000
270     0.035375878     0.049493443     303.233     36.782    264.654     145.099    0.010000
271     0.048733894     0.050471604     307.263     37.705    278.134     149.703    0.010000
272     0.069015913     0.041692290     305.850     37.273    277.214     149.881    0.010000
273     0.100305192     0.046226669     305.416     34.840    274.322     149.947    0.010000
274     0.085262731     0.049356129     293.903     33.686    268.854     148.792    0.010000
275     0.062532417     0.059273861     300.225     33.747    269.374     149.527    0.000000
276     0.105383374     0.037250422     300.897     35.393    268.136     147.579    0.020000
277     0.049313143     0.065339990     292.922     32.497    265.318     147.337    0.000000
278     0.055735443     0.051117353     301.669     35.104    273.368     149.477    0.020000
279     0.091112301     0.059672330     297.556     33.989    267.090     149.104    0.010000
280     0.064027891     0.050940167     297.697     36.074    274.470     149.928    0.000000
281     0.101453945     0.050668936     308.062     39.133    274.748     148.893    0.020000
282     0.076996379     0.073595919     306.487     38.699    276.210     149.231    0.000000
283     0.068033725     0.052044380     291.713     34.808    271.491     149.114    0.010000
284     0.077849962     0.045844682     297.886     36.097    268.466     146.994    0.020000
285     0.055233907     0.041272026     299.771     36.972    273.623     149.734    0.000000
286     0.078038074     0.046070278     299.926     36.883    273.665     148.974    0.010000
287     0.072820537     0.048838940     304.794     37.079    268.447     149.046    0.010000
288     0.054384816     0.050449554     294.167     33.765    270.930     148.728    0.010000
289     0.059985485     0.037953489     299.336     36.828    272.514     149.157    0.010000
290     0.071983911     0.048473701     297.331     33.082    269.934     148.697    0.010000
291     0.070408575     0.059312269     297.473     34.128    259.880     145.604    0.010000
292     0.041770075     0.058290571     301.075     35.390    273.506     148.184    0.000000
293     0.061518315     0.054353487     288.692     32.168    262.932     148.256    0.020000
294     0.050958905     0.046604745     300.217     34.031    273.953     149.209    0.010000
295     0.070727088     0.062759556     301.927     35.874    277.697     149.797    0.010000
296     0.070270136     0.063003100     305.421     35.035    272.118     148.706    0.010000
297     0.044284191     0.051989198     304.777     36.949    269.988     148.433    0.010000
298     0.059333533     0.065689281     309.505     37.377    273.822     148.765    0.000000
299     0.080440409     0.051415615     310.994     37.325    269.082     148.391    0.020000
300     0.066014364     0.044745434     310.703     36.750    266.093     149.561    0.000000
301     0.084568746     0.048664153     317.534     38.169    269.683     149.101    0.020000
302     0.076300323     0.060044229     307.985     35.304    249.005     145.881    0.010000
303     0.046140287     0.040815178     318.811     38.229    265.298     149.936    0.010000
304     0.069770880     0.060159627     302.004     32.348    266.276     149.224    0.010000
305     0.074114345     0.049000707     308.363     33.759    264.897     148.969    0.000000
306     0.068984300     0.076837093     299.612     30.379    263.545     149.129    0.010000
307     0.063792072     0.087171003     297.838     32.624    271.504     149.415    0.010000
308     0.081729867     0.058276754     303.680     32.474    262.303     148.009    0.010000
309     0.078399472     0.047365580     311.022     33.225    258.215     147.760    0.020000
310     0.048458889     0.062274151     314.124     35.974    266.458     147.303    0.010000
311     0.046819422     0.050472789     309.802     34.372    263.463     147.071    0.010000
312     0.061742682     0.038957547     306.131     33.186    262.590     147.789    0.010000
313     0.056552947     0.068625525     308.512     34.900    263.192     148.259    0.010000
314     0.062025696     0.047051545     311.095     33.328    271.935     148.601    0.010000
315     0.051202957     0.049264416     306.359     35.050    278.198     149.931    0.000000
316     0.057178508     0.063528895     311.151     35.792    275.449     149.690    0.020000
317     0.074000284     0.053871237     311.875     35.910    271.679     149.949    0.010000
318     0.069548421     0.057952996     316.345     36.920    274.049     149.763    0.010000
319     0.079879954     0.053364910     310.142     35.152    267.612     147.730    0.000000
320     0.038525082     0.047041386     306.243     36.057    267.578     146.753    0.010000
321     0.046463892     0.053293943     307.595     33.750    263.575     148.837    0.020000
322     0.069617428     0.055387825     307.196     36.972    263.181     148.107    0.000000
323     0.045156602     0.059083074     313.371     37.425    269.345     146.508    0.010000
324     0.039562613     0.051146045     306.765     36.189    265.670     148.555    0.010000
325     0.070467204     0.046616837     316.122     38.889    270.244     149.148    0.020000
326     0.058056206     0.047181044     315.567     38.757    268.662     148.297    0.010000
327     0.054931741     0.055823598     300.980     34.064    269.541     149.764    0.000000
328     0.078190118     0.042368375     308.212     35.322    272.901     149.325    0.010000
329     0.069972813     0.058031525     311.844     36.811    267.121     148.618    0.010000
330     0.068457350     0.050923690     307.688     36.750    264.591     148.596    0.010000
331     0.045709953     0.052466728     309.528     36.119    265.270     147.008    0.010000
332     0.041813720     0.055134118     313.781     37.618    267.728     147.555    0.010000
333     0.048217960     0.059795149     310.104     35.639    265.231     146.506    0.010000
334     0.047171120     0.041913543     304.572     36.050    267.035     146.558    0.010000
335     0.068022504     0.046589237     305.085     35.374    271.240     148.659    0.010000
336     0.118403763     0.043246735     317.339     38.753    245.591     143.696    0.010000
337     0.052652471     0.045607086     297.703     31.851    258.463     147.446    0.010000
338     0.081807390     0.052317493     307.600     36.138    260.743     146.056    0.010000
339     0.052092053     0.045327540     312.512     35.907    261.220     148.286    0.010000
340     0.069461368     0.056161035     318.504     38.278    261.365     147.687    0.010000
341     0.091120496     0.059502207     308.553     36.051    260.044     146.987    0.000000
342     0.041688308     0.057608023     309.444     33.225    263.494     147.320    0.010000
343     0.052077975     0.048531286     313.242     37.148    263.266     148.558    0.010000
344     0.050659642     0.060021084     316.436     33.591    259.978     148.510    0.010000
345     0.053890333     0.053918160     297.521     30.066    267.892     149.712    0.020000
346     0.092392728     0.080925614     308.171     35.450    262.356     149.167    0.000000
347     0.065936238     0.072323814     317.989     35.035    270.031     149.530    0.020000
348     0.089672618     0.051956564     322.430     37.706    264.999     149.380    0.010000
349     0.074581966     0.051286872     310.018     35.768    262.746     149.098    0.010000
350     0.068320014     0.044987623     317.411     36.466    264.487     149.945    0.010000
351     0.087491930     0.050762016     313.906     35.759    273.793     149.983    0.000000
352     0.120472208     0.048375770     320.788     38.156    260.998     148.640    0.020000
353     0.060497776     0.045774736     302.668     32.296    263.005     148.414    0.010000
354     0.046250932     0.048124768     311.762     33.749    260.532     148.469    0.010000
355     0.044640571     0.034230288     310.725     35.303    269.577     149.407    0.010000
356     0.102735370     0.041431829     320.673     39.374    267.369     147.835    0.010000
357     0.041505802     0.065715037     308.585     36.502    268.974     148.462    0.010000
358     0.072906576     0.041456990     308.680     36.773    262.824     147.779    0.010000
359     0.071237117     0.053743705     305.087     35.809    262.224     147.304    0.010000
360     0.065766394     0.049208403     312.694     38.319    274.091     149.342    0.000000
361     0.095800601     0.050121833     312.932     38.292    267.553     149.658    0.010000
362     0.082121767     0.043607309     314.607     38.755    271.057     148.458    0.010000
363     0.061142415     0.062389918     314.441     39.718    269.957     149.250    0.010000
364     0.064352572     0.040097669     314.040     38.297    273.393     148.388    0.010000
365     0.051703654     0.048498224     300.242     34.905    273.113     149.363    0.020000
366     0.064732663     0.044230398     306.556     35.502    271.025     149.308    0.000000
367     0.077092312     0.050196875     297.912     32.183    273.971     149.256    0.020000
368     0.080795862     0.068836160     311.252     34.992    263.368     148.705    0.010000
369     0.061252907     0.064747326     315.207     38.715    266.315     148.031    0.000000
370     0.059834573     0.053692285     312.633     38.070    276.827     149.361    0.010000
371     0.072997868     0.055546723     303.331     35.715    271.280     148.848    0.020000
372     0.061290357     0.050880108     310.719     37.723    266.153     147.546    0.010000
373     0.055133276     0.060755800     309.514     35.200    269.106     149.139    0.010000
374     0.067837551     0.049327970     298.644     34.038    269.938     148.368    0.000000
375     0.064064510     0.057146851     316.190     39.077    268.597     148.912    0.010000
376     0.076689430     0.078618184     298.316     33.869    268.231     148.234    0.010000
377     0.052842617     0.046493903     311.943     38.500    271.358     149.123    0.020000
378     0.078376785     0.057507686     308.953     37.223    271.322     149.531    0.000000
379     0.091867760     0.037938859     309.839     35.742    271.694     149.801    0.010000
380     0.075947024     0.045353055     305.382     38.301    272.370     149.148    0.010000
381     0.068453632     0.058556881     306.208     38.126    258.511     146.810    0.010000
382     0.047344904     0.059948426     307.287     34.745    270.723     149.003    0.010000
383     0.054294989     0.043292042     315.023     36.912    269.257     148.647    0.010000
384     0.059255879     0.054047219     313.142     39.168    271.420     149.690    0.010000
385     0.094421819     0.059924211     304.590     35.380    267.566     148.666    0.010000
386     0.054372724     0.050188269     307.097     37.960    267.051     148.259    0.010000
387     0.047694985     0.047582209     311.693     36.297    279.790     149.989    0.020000
388     0.095378995     0.052157972     310.764     39.859    273.532     149.365    0.000000
389     0.074915431     0.051315926     304.986     37.206    270.649     148.732    0.020000
390     0.067524336     0.042399667     314.046     39.529    266.689     148.143    0.000000
391     0.052175537     0.064356022     316.572     40.861    272.910     148.312    0.010000
392     0.046594489     0.055293009     321.133     40.534    271.482     148.690    0.010000
393     0.061949074     0.040792730     299.636     37.413    258.508     147.447    0.010000
394     0.059346106     0.048259541     312.653     38.884    259.870     148.119    0.010000
395     0.068503097     0.044812337     311.410     39.731    261.735     147.525    0.010000
396     0.057174880     0.036350064     319.223     41.249    263.278     147.637    0.010000
397     0.044461824     0.056499440     307.638     38.016    263.654     146.988    0.010000
398     0.065575249     0.047154337     320.956     41.535    276.206     147.698    0.010000
399     0.051808350     0.054730359     309.478     38.950    262.170     146.810    0.010000
400     0.049435776     0.038592421     319.992     41.704    260.918     146.376    0.010000
401     0.054385401     0.054132029     314.917     39.828    254.965     145.664    0.000000
402     0.039370082     0.051719096     326.983     42.949    251.239     146.088    0.010000
403     0.053513560     0.048273452     306.320     37.880    271.105     148.290    0.010000
404     0.054555956     0.046458773     322.181     41.642    267.882     148.808    0.020000
405     0.083123162     0.054038614     325.143     42.905    271.038     149.232    0.000000
406     0.062310614     0.039104704     321.128     40.480    262.568     147.860    0.010000
407     0.057282895     0.039905060     319.711     40.759    263.341     147.975    0.020000
408     0.078794926     0.045225065     318.518     41.367    264.683     149.176    0.010000
409     0.074378066     0.046257980     321.838     40.834    267.933     149.775    0.010000
410     0.092994586     0.054391284     323.407     40.843    270.201     149.225    0.010000
411     0.094470195     0.042606890     324.585     42.024    268.321     148.491    0.000000
412     0.090875298     0.059311841     330.893     42.746    267.167     148.713    0.020000
413     0.086003870     0.043850835     322.452     41.075    262.026     147.564    0.010000
414     0.042566244     0.055921044     323.487     41.231    268.886     149.369    0.010000
415     0.067685924     0.055069115     313.255     36.294    269.166     148.882    0.010000
416     0.048374500     0.041915528     318.109     36.320    262.890     148.458    0.010000
417     0.064279757     0.071173079     316.294     39.108    260.856     148.221    0.000000
418     0.074396797     0.047295868     324.341     40.954    259.136     146.744    0.010000
419     0.045575034     0.052587666     323.352     40.941    272.065     148.858    0.020000
420     0.057335112     0.045342963     324.865     40.132    258.420     147.321    0.000000
421     0.064907432     0.048324123     328.365     40.618    275.821     149.904    0.000000
422     0.092646964     0.056263655     320.507     39.111    258.036     148.280    0.020000
423     0.070220381     0.052590840     319.028     40.495    267.389     149.723    0.010000
424     0.062798955     0.052859157     315.366     38.467    269.145     149.205    0.010000
425     0.071710475     0.044100348     321.141     40.516    261.674     148.688    0.010000
426     0.055765834     0.050901171     321.775     37.525    265.644     149.291    0.000000
427     0.093169138     0.046963811     321.640     39.441    269.845     149.907    0.020000
428     0.070622891     0.054725315     325.130     39.399    264.843     148.948    0.000000
429     0.092782542     0.051623262     322.893     41.928    265.295     149.667    0.020000
430     0.070739351     0.044171035     328.583     42.448    261.175     149.196    0.000000
431     0.053375803     0.055145416     336.148     44.965    254.019     148.179    0.020000
432     0.079294376     0.056558609     320.002     41.021    257.335     149.954    0.010000
433     0.059441570     0.057822019     319.244     37.504    258.870     148.767    0.000000
434     0.059707120     0.040389232     314.578     35.979    269.044     149.565    0.010000
435     0.057513788     0.067940749     320.038     42.122    263.189     148.929    0.010000
436     0.060294915     0.112813093     319.428     41.641    263.506     149.652    0.010000
437     0.066828392     0.067787446     323.060     41.470    262.052     149.703    0.010000
438     0.058839653     0.055884976     323.151     39.668    264.144     149.675    0.020000
439     0.058348771     0.046702415     330.997     44.424    259.497     149.379    0.000000
440     0.074448131     0.102977701     318.182     41.682    255.902     147.669    0.010000
441     0.064964965     0.058527049     324.179     40.898    254.508     148.061    0.010000
442     0.054299753     0.040996216     321.968     40.038    257.449     148.390    0.020000
443     0.055992689     0.047497965     318.643     40.556    252.175     148.383    0.000000
444     0.072212793     0.058924552     319.885     39.174    272.760     149.840    0.010000
445     0.062808461     0.039629262     324.201     41.407    268.081     149.375    0.010000
446     0.075867839     0.052852094     324.683     41.171    264.566     149.973    0.010000
447     0.130517751     0.045620672     320.094     41.993    261.128     149.992    0.010000
448     0.061028164     0.044556387     323.758     41.049    261.578     149.993    0.010000
449     0.078173339     0.054344002     313.489     38.185    256.838     148.948    0.010000
450     0.069162622     0.050207995     319.965     41.269    253.978     149.814    0.010000
451     0.074485101     0.065859951     323.661     41.628    252.573     148.280    0.010000
452     0.058335997     0.055712283     328.377     43.725    250.797     145.314    0.010000
453     0.055183265     0.066640064     316.387     39.737    271.823     149.555    0.010000
454     0.066600211     0.057180993     329.984     45.127    251.458     149.652    0.000000
455     0.086231604     0.067859620     322.293     41.899    262.085     149.627    0.020000
456     0.076322533     0.044885889     327.744     44.409    250.973     149.905    0.010000
457     0.080985703     0.045682143     323.220     43.101    251.792     149.836    0.010000
458     0.076778814     0.044147909     331.608     45.041    252.173     149.121    0.010000
459     0.054546844     0.041339029     326.445     47.743    249.051     148.952    0.010000
460     0.103511885     0.049966779     336.947     52.495    234.610     145.462    0.000000
461     0.042896181     0.080263942     327.548     45.575    246.961     149.946    0.010000
462     0.083945520     0.035360366     334.677     52.327    256.099     148.491    0.020000
463     0.063552611     0.161121383     335.706     55.419    243.160     149.727    0.000000
464     0.067885555     0.059956606     340.961     55.918    253.332     149.352    0.010000
465     0.125056997     0.043833915     338.564     54.856    232.130     147.337    0.010000
466     0.051335823     0.050978903     339.662     53.497    264.710     149.918    0.020000
467     0.112417504     0.039624043     332.765     47.412    229.001     146.622    0.010000
468     0.054198433     0.053301163     330.413     49.852    232.269     146.877    0.010000
469     0.054354783     0.058291160     334.148     47.533    230.362     147.800    0.000000
470     0.066749848     0.040289100     321.264     47.544    255.215     149.492    0.010000
471     0.141237706     0.046032973     326.985     49.989    236.184     148.316    0.010000
472     0.048435099     0.079133704     329.308     46.618    254.149     149.410    0.010000
473     0.071404524     0.045478690     332.684     49.090    265.156     149.988    0.010000
474     0.121169738     0.050137833     322.776     44.063    267.347     149.773    0.010000
475     0.086645328     0.048182949     327.886     44.148    236.768     148.542    0.010000
476     0.092290394     0.042738497     323.418     43.784    241.247     148.286    0.010000
477     0.048456058     0.045022234     332.084     47.133    237.473     148.580    0.010000
478     0.065699674     0.073341802     329.822     46.610    236.117     148.190    0.010000
479     0.053362723     0.047932234     327.870     45.321    258.020     147.861    0.010000
480     0.049379490     0.039633404     329.444     46.742    241.983     149.649    0.010000
481     0.057964358     0.055743940     320.929     47.679    257.194     149.692    0.010000
482     0.063798055     0.038609095     327.819     48.935    246.916     149.640    0.010000
483     0.059092943     0.057207048     326.578     44.681    234.005     147.425    0.010000
484     0.061912194     0.039953012     325.306     44.059    249.152     149.988    0.010000
485     0.056777976     0.043773409     324.750     48.493    256.846     149.946    0.010000
486     0.096408121     0.083280176     325.772     46.449    227.298     148.019    0.010000
487     0.058149315     0.036797289     323.003     47.498    215.616     146.918    0.000000
488     0.056166429     0.065989554     332.678     51.268    242.464     147.795    0.010000
489     0.049202681     0.070781663     330.350     50.729    234.219     149.790    0.020000
490     0.138299167     0.048663981     327.688     47.784    233.077     149.637    0.010000
491     0.090599298     0.067847468     327.405     49.169    236.807     149.670    0.010000
492     0.097637162     0.044083327     322.320     48.404    228.529     148.386    0.010000
493     0.071414076     0.048111930     325.647     45.872    229.354     149.920    0.010000
494     0.099335499     0.045895327     327.163     50.498    232.595     149.514    0.000000
495     0.079425789     0.077819973     320.513     46.409    231.956     149.381    0.020000
496     0.056036424     0.048225537     318.558     45.956    225.426     149.102    0.010000
497     0.085651629     0.059124805     322.328     44.926    233.707     148.336    0.000000
498     0.059371021     0.051566977     318.362     47.976    231.744     148.733    0.010000
499     0.079600275     0.044578731     324.489     50.165    238.163     149.487    0.020000
500     0.049704276     0.098954834     326.476     50.356    224.538     149.868    0.010000
501     0.096717037     0.053594965     328.055     49.562    235.237     149.781    0.000000
502     0.088055380     0.044349235     329.901     53.033    224.791     148.466    0.010000
503     0.072334476     0.062645033     318.951     49.297    238.797     149.379    0.010000
504     0.069825947     0.041156128     317.590     48.633    240.324     149.626    0.010000
505     0.069589339     0.038106117     315.251     47.176    222.500     149.393    0.020000
506     0.068634875     0.052918278     321.552     52.222    240.563     148.736    0.000000
507     0.070213944     0.097662061     333.170     52.215    228.952     148.473    0.010000
508     0.060567793     0.043127805     319.335     49.172    245.062     149.822    0.010000
509     0.087550186     0.040862184     319.188     45.001    233.849     149.845    0.010000
510     0.075622104     0.044844609     317.876     49.248    227.710     149.644    0.010000
511     0.091925539     0.063516960     318.313     49.084    241.652     148.733    0.010000
512     0.069156818     0.053581171     316.153     47.424    231.331     147.866    0.010000
513     0.062739179     0.052596703     315.380     44.915    243.864     149.271    0.010000
514     0.077609628     0.040213168     318.653     44.236    246.026     149.807    0.010000
515     0.056166604     0.045551453     316.300     47.407    241.082     149.539    0.010000
516     0.079607181     0.071333513     319.470     44.482    245.218     148.400    0.000000
517     0.062446609     0.041618016     314.198     46.122    246.114     147.902    0.020000
518     0.050559618     0.050347686     322.843     44.926    246.352     149.764    0.010000
519     0.063102886     0.039696272     319.612     43.563    246.135     149.342    0.010000
520     0.072193943     0.040515155     327.223     49.246    250.683     149.782    0.010000
521     0.076392315     0.101949006     324.081     49.056    246.783     149.801    0.010000
522     0.066886500     0.055034205     320.690     46.956    247.829     149.097    0.010000
523     0.062097475     0.053412218     322.267     43.662    229.261     148.568    0.010000
524     0.067060746     0.040506978     324.141     41.962    231.071     149.724    0.000000
525     0.094907813     0.043277901     324.857     46.925    249.016     149.616    0.010000
526     0.048015036     0.062733814     323.447     43.694    235.559     149.687    0.020000
527     0.094098099     0.051001452     332.327     46.801    233.184     149.582    0.010000
528     0.117655218     0.060971629     332.416     45.176    238.904     149.943    0.000000
529     0.088487886     0.047604464     335.802     46.405    238.851     149.802    0.020000
530     0.083887577     0.056761101     337.409     45.844    262.109     149.979    0.000000
531     0.049329881     0.043825407     329.856     41.964    243.148     149.416    0.020000
532     0.057553757     0.038489245     329.095     42.328    247.806     149.865    0.010000
533     0.136331111     0.088489898     329.844     37.880    244.676     147.977    0.010000
534     0.071349859     0.048012763     337.819     39.796    250.787     149.523    0.010000
535     0.113682203     0.044903908     335.099     41.895    253.625     149.882    0.000000
536     0.112357937     0.055697966     343.319     39.554    249.212     148.498    0.010000
537     0.056688651     0.042875905     257.029     149.273    310.937     32.424    0.010000
538     0.102426127     0.047483269     331.657     35.886    246.495     147.294    0.020000
539     0.048628800     0.053689390     339.898     37.004    262.525     149.591    0.000000
540     0.071287051     0.039077897     339.441     36.701    261.318     148.831    0.010000
541     0.069112927     0.046721231     342.127     35.551    263.563     149.230    0.020000
542     0.069202848     0.041994043     340.974     37.675    247.412     147.077    0.000000
543     0.049965408     0.045086149     324.258     32.159    243.752     146.523    0.010000
544     0.043396488     0.062604621     339.243     33.754    253.750     147.990    0.010000
545     0.044233087     0.047095459     342.002     34.501    248.632     146.325    0.010000
546     0.048502468     0.053882573     343.033     33.653    242.099     146.439    0.010000
547     0.041337989     0.045916114     254.594     149.163    332.383     34.008    0.020000
548     0.081412762     0.063936330     336.980     33.512    249.239     146.534    0.000000
549     0.043139707     0.049721111     340.828     31.977    247.830     146.344    0.010000
550     0.049022280     0.060283706     328.801     30.026    249.667     146.624    0.010000
551     0.054421138     0.111075230     343.349     33.021    282.608     149.205    0.010000
552     0.079664163     0.072708733     339.616     32.080    245.192     146.250    0.010000
553     0.057263203     0.059561450     342.774     33.353    281.173     148.801    0.010000
554     0.100339383     0.043007363     280.665     148.548    333.966     32.266    0.010000
555     0.065628976     0.043014683     278.386     149.817    339.243     31.265    0.010000
556     0.115520522     0.076358400     268.519     148.872    343.745     33.663    0.010000
557     0.060427554     0.050764792     271.577     148.705    343.540     33.835    0.010000
558     0.073414139     0.052075434     271.171     147.787    338.750     30.989    0.010000
559     0.054116175     0.088634968     268.786     146.540    325.995     30.474    0.010000
560     0.041798834     0.093587451     257.481     145.974    337.169     30.761    0.000000
561     0.039454699     0.070144460     275.778     149.713    338.419     31.580    0.020000
562     0.056763690     0.052248195     342.375     30.789    261.684     145.707    0.010000
563     0.050565954     0.063003376     261.674     145.166    334.915     30.063    0.000000
564     0.042736810     0.093678847     279.399     148.833    342.066     30.632    0.020000
565     0.063757166     0.081574813     269.647     146.255    288.919     36.850    0.000000
566     0.044091877     0.067383848     260.923     144.154    293.749     37.962    0.020000
567     0.039744608     0.058319580     271.556     146.777    340.408     33.138    0.000000
568     0.048238281     0.063608378     266.643     145.460    340.564     30.652    0.010000
569     0.042042129     0.087791868     266.448     144.672    342.260     32.135    0.010000
570     0.039889228     0.066404760     280.350     147.394    337.273     30.369    0.010000
571     0.067627460     0.076535672     277.427     145.643    336.521     30.348    0.020000
572     0.058888245     0.084135324     276.621     148.035    296.959     30.474    0.000000
573     0.044606492     0.112676948     272.845     146.513    326.383     30.873    0.010000
574     0.045274105     0.146279216     264.917     144.357    335.322     32.481    0.020000
575     0.046034500     0.043478977     276.660     147.382    343.404     32.778    0.010000
576     0.066881403     0.057524085     265.552     144.746    341.111     30.656    0.010000
577     0.044573523     0.080355860     342.694     30.323    286.120     146.087    0.000000
578     0.050123733     0.073091313     252.830     142.600    296.244     31.921    0.010000
579     0.040984310     0.045293253     343.031     30.965    249.155     141.314    0.010000
580     0.041316632     0.098223805     267.219     141.215    337.024     31.338    0.010000
581     0.039969526     0.062049348     250.856     140.623    341.355     31.641    0.010000
582     0.032757208     0.063420787     251.587     139.677    342.606     32.463    0.020000
583     0.040607542     0.066403404     249.164     140.796    342.839     32.038    0.000000
584     0.040961742     0.040669981     281.257     144.147    292.265     33.585    0.020000
585     0.062343273     0.047669034     282.175     147.309    340.611     30.433    0.010000
586     0.071556002     0.073260345     283.926     147.228    338.588     31.030    0.010000
587     0.057721373     0.056209624     273.335     144.879    342.672     30.760    0.010000
588     0.042312101     0.124609560     278.577     146.285    292.057     35.250    0.010000
589     0.045978073     0.059379008     284.869     147.762    292.509     35.152    0.000000
590     0.051035751     0.044562217     279.509     145.494    341.640     30.767    0.010000
591     0.057528917     0.066785634     276.586     142.994    339.932     36.514    0.010000
592     0.042161591     0.059947483     280.858     144.002    293.051     41.867    0.000000
593     0.057293337     0.131441474     285.931     146.989    290.664     38.758    0.020000
594     0.063620262     0.039114498     286.500     145.893    291.999     42.058    0.020000
595     0.055260330     0.061921794     282.833     144.692    289.503     42.438    0.000000
596     0.052633680     0.068049766     279.383     144.469    294.784     43.983    0.000000
597     0.052362256     0.040097918     280.665     142.066    289.386     40.336    0.020000
598     0.036347695     0.039054498     283.590     144.433    343.565     35.414    0.000000
599     0.042002596     0.048035949     277.015     143.621    343.229     33.359    0.020000
600     0.050001021     0.045673415     287.759     142.619    340.320     31.395    0.010000
601     0.040239327     0.064986438     282.034     141.225    339.878     30.481    0.010000
602     0.049971376     0.069215775     261.183     136.770    338.718     30.539    0.010000
603     0.052554570     0.080256715     343.268     30.128    270.861     139.623    0.010000
604     0.054740373     0.123368688     284.476     142.706    342.085     34.165    0.000000
605     0.069547944     0.056041501     280.798     140.156    338.917     30.281    0.010000
606     0.045273926     0.095242068     342.848     30.104    276.574     140.287    0.010000
607     0.065185368     0.054522082     283.596     140.697    333.000     30.215    0.020000
608     0.049361873     0.080319770     276.780     138.490    337.085     31.700    0.010000
609     0.036592629     0.062115610     286.888     140.509    340.993     34.096    0.010000
610     0.050266463     0.073965445     287.218     141.951    339.685     30.196    0.000000
611     0.044540472     0.075781904     285.914     141.700    340.590     33.745    0.020000
612     0.041452769     0.060089018     286.582     140.090    288.242     33.429    0.000000
613     0.042660855     0.065982550     287.367     140.090    292.871     37.973    0.010000
614     0.040991582     0.046039954     286.751     139.829    340.875     31.583    0.020000
615     0.071862034     0.044735428     284.626     141.412    342.157     31.907    0.010000
616     0.037155777     0.079228878     280.310     138.078    343.632     31.583    0.000000
617     0.036084574     0.070244461     280.217     138.448    295.487     35.031    0.010000
618     0.046962552     0.051053252     280.527     138.129    288.387     33.125    0.010000
619     0.045755874     0.054016527     287.254     141.305    342.889     30.124    0.010000
620     0.040241446     0.083581842     286.318     139.912    342.044     30.186    0.010000
621     0.044621948     0.071733527     282.370     137.823    343.950     31.398    0.010000
622     0.050407458     0.065215245     282.173     137.999    290.705     35.122    0.020000
623     0.046976727     0.057281196     284.870     138.666    301.066     30.104    0.000000
624     0.041714489     0.084789798     284.457     139.118    294.180     33.607    0.020000
625     0.040166680     0.061205436     283.125     137.341    291.845     34.080    0.010000
626     0.034985088     0.057355013     287.943     138.040    288.336     35.584    0.000000
627     0.054362230     0.046135753     282.253     138.013    290.377     33.959    0.010000
628     0.048950762     0.048114333     281.878     135.838    292.693     34.972    0.010000
629     0.047058191     0.045462873     278.624     134.439    289.027     34.629    0.010000
630     0.047079414     0.044123169     271.093     132.431    294.521     32.862    0.010000
631     0.038807210     0.066675700     270.359     133.022    291.387     35.053    0.010000
632     0.076102868     0.066504359     263.555     128.990    290.219     32.804    0.010000
633     0.041127123     0.050391328     261.864     130.474    295.400     34.116    0.020000
634     0.043610584     0.048781682     264.535     131.924    296.039     33.933    0.000000
635     0.059028037     0.056270480     282.150     135.944    343.379     34.100    0.020000
636     0.056041144     0.072082289     282.656     136.633    295.751     31.997    0.000000
637     0.062455755     0.049171407     270.075     131.882    342.838     30.445    0.000000
638     0.047563381     0.071983859     279.119     134.841    343.505     34.793    0.020000
639     0.041122615     0.054869775     274.888     134.749    340.347     33.142    0.010000
640     0.044960964     0.047860894     286.829     139.153    341.034     33.847    0.010000
641     0.069366969     0.041956536     283.740     135.410    292.898     34.242    0.010000
642     0.046657279     0.043652035     284.834     135.956    291.008     32.906    0.010000
643     0.041790731     0.054305844     285.176     137.518    297.166     33.272    0.000000
644     0.053940453     0.056801636     285.222     138.345    289.721     33.661    0.020000
645     0.046558354     0.050546903     283.834     135.866    289.067     31.887    0.010000
646     0.050542049     0.072682284     286.393     136.674    300.459     36.017    0.010000
647     0.043178357     0.065963440     287.507     139.212    288.539     35.021    0.010000
648     0.045174193     0.057746921     282.579     137.351    338.526     40.451    0.010000
649     0.045693386     0.083464511     277.151     132.679    329.721     37.687    0.010000
650     0.110260807     0.052580088     251.430     128.760    332.975     36.190    0.010000
651     0.047746468     0.048585288     261.812     129.858    337.555     37.461    0.010000
652     0.051020402     0.060670298     256.160     129.894    335.666     36.707    0.010000
653     0.047806505     0.054557540     259.326     131.479    330.119     37.829    0.010000
654     0.048571203     0.051702596     257.857     133.736    335.101     39.820    0.010000
655     0.066390343     0.062240444     257.298     132.404    331.615     45.304    0.000000
656     0.038586926     0.112207495     262.458     135.251    325.713     39.916    0.020000
657     0.053858619     0.041369319     270.844     135.592    323.066     43.466    0.000000
658     0.039412394     0.054840032     252.280     132.852    343.463     38.241    0.010000
659     0.041696351     0.045558073     256.531     132.163    342.274     38.539    0.010000
660     0.051239580     0.043998785     272.395     138.292    342.941     31.714    0.010000
661     0.050909486     0.061868750     272.099     139.013    342.233     40.244    0.020000
662     0.043738931     0.111268595     266.884     141.395    339.003     32.814    0.000000
663     0.047379460     0.045664836     274.931     143.339    342.176     31.964    0.010000
664     0.041895930     0.076760568     280.367     144.355    340.503     30.961    0.020000
665     0.040863622     0.056417249     275.389     143.239    343.481     31.980    0.000000
666     0.039716534     0.065045811     270.844     141.728    337.790     33.535    0.010000
667     0.045851957     0.085995555     267.301     142.913    341.700     30.715    0.020000
668     0.054163691     0.067968011     266.686     142.206    342.286     30.643    0.000000
669     0.040013868     0.164824203     259.735     139.184    339.529     34.041    0.010000
670     0.038880128     0.048049949     257.698     139.925    342.254     32.716    0.010000
671     0.046656478     0.044378199     275.442     144.857    324.773     30.165    0.020000
672     0.062420316     0.174577773     268.255     146.268    330.133     31.445    0.000000
673     0.042317033     0.062662929     269.550     145.380    330.427     32.091    0.010000
674     0.046226218     0.058951315     263.434     145.156    317.930     33.654    0.010000
675     0.054303452     0.062022571     257.181     143.871    322.798     31.185    0.010000
676     0.040198728     0.064807117     258.029     145.056    311.850     31.067    0.010000
677     0.054644849     0.060818996     253.581     146.484    310.184     30.523    0.010000
678     0.050479263     0.085771464     260.376     148.076    311.339     31.060    0.010000
679     0.050849583     0.083242223     261.759     149.228    303.284     31.118    0.010000
680     0.093037523     0.083504736     257.412     148.998    309.063     33.756    0.010000
681     0.076584190     0.045308709     257.626     149.041    295.053     30.934    0.010000
682     0.066980906     0.061281480     244.580     147.373    291.919     31.454    0.010000
683     0.044705924     0.058173999     249.630     149.963    302.607     34.421    0.010000
684     0.069620155     0.064283542     241.512     149.017    289.230     30.610    0.000000
685     0.069264106     0.079309955     224.004     145.936    288.835     33.063    0.020000
686     0.038857952     0.049347423     236.360     149.918    290.753     31.424    0.010000
687     0.110672481     0.077684991     214.807     146.363    290.878     37.750    0.000000
688     0.039545115     0.074633732     293.125     40.410    222.817     145.946    0.020000
689     0.043462012     0.064601280     301.442     38.818    226.530     148.893    0.000000
690     0.098672904     0.044250581     300.732     44.366    255.709     141.853    0.020000
691     0.040177159     0.086916953     290.547     37.046    255.655     138.134    0.010000
692     0.034835231     0.047181811     289.407     41.977    251.720     139.905    0.010000
693     0.045747548     0.073787451     292.986     38.340    251.615     138.276    0.000000
694     0.042553112     0.050702725     290.670     38.706    241.906     134.168    0.020000
695     0.058823235     0.059204388     299.758     43.095    238.969     134.710    0.000000
696     0.045386892     0.069144122     289.418     40.454    233.587     130.934    0.010000
697     0.040299863     0.037792899     288.411     43.550    229.222     134.979    0.010000
698     0.060982760     0.051088996     289.401     44.535    230.741     134.138    0.020000
699     0.045857754     0.049821299     323.412     49.512    222.938     129.557    0.000000
700     0.037436843     0.074768201     334.121     46.125    217.837     125.666    0.010000
701     0.038394906     0.037543483     327.966     43.760    220.561     123.621    0.020000
702     0.043461762     0.038133446     317.600     40.348    223.218     127.875    0.000000
703     0.082331635     0.057997648     316.605     42.749    216.987     124.135    0.010000
704     0.044534333     0.049402326     301.506     44.243    251.786     130.421    0.010000
705     0.094282001     0.061389804     308.834     49.145    244.686     126.318    0.020000
706     0.037514307     0.079524860     302.072     48.239    245.374     125.734    0.000000
707     0.043636736     0.043408513     330.120     53.016    215.014     126.576    0.010000
708     0.035206392     0.050890733     296.585     49.214    281.522     127.968    0.010000
709     0.052712385     0.046190757     293.385     48.882    241.534     121.684    0.010000
710     0.049129855     0.047531195     290.194     49.731    282.532     124.341    0.010000
711     0.052642193     0.044011880     289.685     49.533    271.461     122.406    0.010000
712     0.041617088     0.041598357     320.960     52.533    234.980     118.064    0.000000
713     0.054078106     0.053313743     294.115     53.426    263.827     118.211    0.020000
714     0.044768795     0.060578711     325.734     58.642    228.084     120.836    0.010000
715     0.059225339     0.059947841     325.620     57.054    223.143     118.853    0.010000
716     0.045327771     0.055312585     322.996     57.550    279.904     120.853    0.000000
717     0.052086342     0.045856252     329.104     61.620    254.730     122.873    0.020000
718     0.058266703     0.074897513     324.703     61.679    258.374     122.468    0.000000
719     0.039415203     0.057338390     319.056     63.769    261.617     120.762    0.020000
720     0.036550749     0.068165429     322.071     67.558    262.322     119.852    0.000000
721     0.044315971     0.055913050     320.029     70.771    256.791     124.236    0.020000
722     0.070049480     0.059546467     323.367     70.569    252.884     124.594    0.010000
723     0.044667412     0.045564543     323.768     69.394    259.348     117.933    0.000000
724     0.044722401     0.046386667     329.275     73.527    252.681     116.819    0.010000
725     0.038518015     0.070321634     334.648     72.201    259.585     113.769    0.010000
726     0.039563265     0.059892993     334.175     75.117    250.554     111.089    0.010000
727     0.049107447     0.053637154     331.825     74.861    261.652     109.853    0.010000
728     0.041798368     0.042263769     338.489     74.728    240.859     108.170    0.010000
729     0.053309627     0.051330082     338.281     78.570    231.948     106.178    0.010000
730     0.040039171     0.081668004     339.077     73.550    258.186     111.040    0.010000
731     0.052065145     0.040291801     343.083     71.462    285.423     110.352    0.010000
732     0.052036509     0.046390161     342.094     70.846    216.192     113.669    0.020000
733     0.054196112     0.057099659     342.578     73.654    280.173     112.843    0.000000
734     0.044756535     0.053107105     342.896     68.046    273.116     112.552    0.000000
735     0.039036937     0.038007084     342.184     64.259    272.713     113.952    0.020000
736     0.056696180     0.058984652     341.735     61.614    280.444     112.107    0.010000
737     0.049106639     0.042177752     343.313     61.197    287.090     115.155    0.010000
738     0.063212417     0.042989299     340.545     60.208    262.141     114.583    0.010000
739     0.046501350     0.044434410     325.658     53.210    242.520     115.809    0.010000
740     0.051944457     0.056462925     337.316     51.439    263.450     110.089    0.010000
741     0.047204498     0.055206098     319.887     46.361    260.652     109.203    0.010000
742     0.043580666     0.045215685     293.090     39.994    227.092     110.409    0.010000
743     0.052559540     0.044516586     299.401     40.761    261.830     106.685    0.010000
744     0.047859199     0.055313356     288.385     38.235    264.522     105.446    0.000000
745     0.040694345     0.039267510     291.790     38.625    271.736     105.721    0.020000
746     0.042586520     0.044599406     294.535     40.263    239.424     105.514    0.000000
747     0.059920881     0.053653985     293.269     40.331    256.585     102.429    0.020000
748     0.071559019     0.048437364     293.363     39.978    240.278     100.307    0.000000
749     0.045641325     0.054112222     290.732     40.126    237.952     102.341    0.020000
750     0.043989800     0.046102006     292.289     40.908    234.254     101.285    0.000000
751     0.058876175     0.043695807     288.293     39.701    245.506     105.558    0.010000
752     0.042167973     0.047409192     288.400     40.078    235.716     106.060    0.020000
753     0.042501036     0.047836550     288.232     40.561    221.987     107.535    0.000000
754     0.048138965     0.051829029     295.460     41.974    243.016     116.315    0.020000
755     0.133485824     0.051203523     316.442     47.890    236.997     112.787    0.000000
756     0.041183081     0.081639677     301.103     44.353    237.103     109.007    0.020000
757     0.042173263     0.055567108     290.811     43.042    240.076     106.712    0.000000
758     0.051606651     0.052422874     299.856     45.144    231.763     105.288    0.010000
759     0.053289048     0.067358688     290.791     44.453    243.172     108.195    0.010000
760     0.060279943     0.043086916     288.245     42.083    241.624     103.797    0.010000
761     0.052622277     0.045559879     299.755     46.233    222.329     103.781    0.000000
762     0.055402867     0.066084377     290.170     42.664    237.082     102.039    0.020000
763     0.064711131     0.041343592     291.525     44.805    279.489     100.819    0.010000
764     0.053870846     0.061550699     306.464     47.321    227.113     106.400    0.010000
765     0.080564499     0.072221301     288.774     43.002    271.384     105.610    0.010000
766     0.050269369     0.065905988     304.255     43.614    229.582     107.008    0.010000
767     0.054552030     0.052448042     288.787     44.682    274.391     107.692    0.010000
768     0.048083588     0.053856898     292.442     45.434    269.410     112.171    0.010000
769     0.060370650     0.058230374     291.225     44.559    226.816     108.691    0.010000
770     0.041298363     0.043659899     296.017     46.491    266.800     106.622    0.000000
771     0.036615964     0.069877058     300.405     47.286    275.554     106.192    0.020000
772     0.039565533     0.064992905     312.270     52.351    256.274     107.917    0.010000
773     0.047216296     0.068027809     298.999     47.660    281.134     105.968    0.010000
774     0.044378243     0.036140829     292.088     46.339    278.433     101.386    0.010000
775     0.052109543     0.038029585     293.025     48.643    254.074     102.992    0.000000
776     0.056258477     0.068966784     289.911     45.075    233.558     100.360    0.010000
777     0.063823380     0.044571780     294.068     47.091    243.925     100.513    0.020000
778     0.079778060     0.057018247     291.656     46.286    282.466     105.204    0.000000
779     0.042528477     0.054379117     299.735     48.996    241.113     107.250    0.010000
780     0.044012789     0.077501722     309.060     51.431    263.384     106.362    0.020000
781     0.044905815     0.057753935     296.051     48.234    226.935     102.066    0.000000
782     0.062064350     0.041388534     290.844     45.815    262.213     103.820    0.020000
783     0.039640285     0.043661978     288.745     48.946    241.723     105.180    0.000000
784     0.051521759     0.054571278     288.511     45.722    280.617     102.245    0.010000
785     0.045469165     0.046979375     288.748     48.816    253.093     104.987    0.010000
786     0.036441810     0.066417597     291.656     44.499    245.673     104.497    0.020000
787     0.038724989     0.043117195     290.426     47.300    253.641     105.610    0.000000
788     0.046169229     0.072073840     294.384     48.328    240.078     104.676    0.010000
789     0.044969045     0.046600487     289.550     45.112    272.362     105.135    0.010000
790     0.048054881     0.045745116     292.861     45.914    235.981     108.223    0.010000
791     0.047770336     0.047980748     288.609     43.497    230.674     111.553    0.010000
792     0.053184256     0.049935836     304.451     47.863    221.008     109.122    0.010000
793     0.038803488     0.058995683     289.644     46.612    279.436     109.449    0.010000
794     0.035621598     0.043609012     297.461     47.620    283.531     107.968    0.010000
795     0.039502997     0.044927858     298.198     47.632    278.180     103.665    0.010000
796     0.044455741     0.063982211     302.411     48.163    252.756     107.865    0.010000
797     0.052483555     0.054094702     297.104     47.649    266.811     105.028    0.010000
798     0.044890117     0.049173240     293.887     45.161    281.908     106.515    0.010000
799     0.044970017     0.041224841     302.632     47.093    245.806     103.387    0.010000
800     0.032803245     0.055064961     299.130     46.897    237.221     100.064    0.010000
801     0.076599330     0.039846744     299.667     46.482    213.923     101.272    0.010000
802     0.071570046     0.042170778     304.216     44.453    268.653     102.589    0.020000
803     0.067733355     0.042910252     304.089     43.025    270.738     101.434    0.000000
804     0.076361798     0.050038345     298.184     41.443    236.746     103.141    0.020000
805     0.065005332     0.034686416     300.535     45.127    270.574     101.906    0.000000
806     0.057548359     0.047557924     304.585     44.316    244.814     101.020    0.010000
807     0.068789460     0.043980055     308.623     45.960    265.787     101.113    0.010000
808     0.061090887     0.053283092     315.109     49.035    284.414     101.614    0.010000
809     0.073440343     0.070740610     308.526     45.722    279.595     102.531    0.010000
810     0.046496719     0.036844250     315.094     47.737    234.206     103.351    0.010000
811     0.038524479     0.049116574     319.953     48.560    223.926     102.055    0.000000
812     0.048763335     0.053623121     323.026     49.763    236.566     103.383    0.020000
813     0.055077247     0.054464292     320.919     48.314    261.968     106.429    0.000000
814     0.043843977     0.051001556     317.570     43.667    232.905     106.352    0.020000
815     0.042680196     0.048159055     324.082     49.001    235.315     102.295    0.010000
816     0.045832708     0.077117592     316.637     46.166    271.719     101.973    0.010000
817     0.067239575     0.043645460     322.694     45.416    261.917     108.181    0.010000
818     0.083221480     0.048397325     320.098     45.768    240.868     105.499    0.000000
819     0.044722367     0.050601315     320.033     44.252    262.262     107.656    0.010000
820     0.063662924     0.047691856     321.248     45.688    256.601     107.905    0.010000
821     0.048200928     0.047728688     325.877     45.170    236.149     110.118    0.010000
822     0.072014876     0.046046659     328.116     44.280    235.486     108.156    0.010000
823     0.037307426     0.047699694     320.944     44.285    231.587     111.210    0.010000
824     0.051921718     0.063317649     324.991     46.786    235.262     110.214    0.020000
825     0.043831781     0.054477453     320.949     43.639    236.202     108.918    0.000000
826     0.037224960     0.046262491     312.032     39.779    238.846     107.696    0.010000
827     0.038454767     0.043113600     328.283     45.676    244.544     108.796    0.010000
828     0.052155793     0.068522416     323.703     45.418    227.190     105.669    0.010000
829     0.047292758     0.051296119     322.936     45.397    226.116     112.643    0.010000
830     0.077439174     0.060466077     327.185     42.977    227.470     111.410    0.010000
831     0.048236642     0.039505109     324.308     46.181    221.945     114.451    0.010000
832     0.052722294     0.070302829     316.915     40.951    219.544     119.440    0.010000
833     0.078990296     0.044405572     310.529     38.585    244.317     126.849    0.000000
834     0.245197490     0.044227086     325.467     43.760    232.925     131.742    0.020000
835     0.071296833     0.064802997     326.031     46.741    232.099     132.572    0.010000
836     0.036344089     0.055083960     330.690     44.309    230.925     133.488    0.010000
837     0.049448002     0.049217045     327.731     46.471    231.962     134.660    0.010000
838     0.044608030     0.054584529     329.638     44.154    245.226     140.274    0.000000
839     0.090996005     0.046046849     328.154     47.073    244.418     137.901    0.020000
840     0.040408298     0.062267762     325.220     41.889    282.947     144.649    0.010000
841     0.094348446     0.041230667     316.373     40.160    281.068     143.820    0.010000
842     0.042139247     0.039634798     326.421     43.307    280.167     148.164    0.010000
843     0.077347942     0.053415433     322.409     42.919    278.593     146.646    0.000000
844     0.051926959     0.047439490     331.351     48.778    282.982     145.891    0.020000
845     0.068230383     0.102064162     322.642     43.659    287.053     149.411    0.000000
846     0.079170309     0.045427706     322.023     45.448    283.073     147.912    0.010000
847     0.038442671     0.053333607     324.941     42.938    279.659     147.268    0.020000
848     0.043576419     0.053596295     322.177     44.068    285.887     148.188    0.000000
849     0.062882870     0.047283027     321.086     43.152    287.894     148.774    0.010000
850     0.056384087     0.039248563     314.923     41.182    284.249     148.150    0.020000
851     0.083601519     0.045282822     323.392     45.204    262.327     143.629    0.000000
852     0.042683713     0.046885587     320.099     44.899    268.014     145.359    0.010000
853     0.042492248     0.050565254     322.610     45.059    284.119     148.001    0.010000
854     0.076656595     0.041805293     324.652     48.422    284.082     148.061    0.010000
855     0.057167921     0.062662937     320.128     44.075    281.796     147.716    0.010000
856     0.062521242     0.045735292     314.948     41.021    274.840     147.624    0.010000
857     0.068557873     0.045616258     322.975     47.231    270.743     144.349    0.010000
858     0.038810287     0.097421609     318.201     42.110    274.560     146.472    0.020000
859     0.053263847     0.050221670     305.244     41.218    271.065     147.079    0.000000
860     0.058688685     0.040226333     315.585     41.415    261.392     143.595    0.000000
861     0.043330200     0.037852630     303.770     38.762    286.483     149.185    0.020000
862     0.139843151     0.047375340     304.759     39.579    274.484     146.415    0.010000
863     0.037547316     0.056164812     310.086     40.214    275.459     147.627    0.010000
864     0.057897180     0.041111309     320.240     47.426    272.953     146.776    0.010000
865     0.049566057     0.120801315     318.045     43.129    275.123     147.102    0.000000
866     0.042606551     0.036253233     312.398     44.323    265.245     144.817    0.020000
867     0.045881778     0.056896135     308.647     43.421    283.355     149.728    0.010000
868     0.080768436     0.046818141     329.191     47.360    282.142     147.355    0.010000
869     0.052252982     0.057435315     313.883     44.608    287.583     149.490    0.010000
870     0.095252536     0.044643335     309.213     43.704    274.023     146.681    0.010000
871     0.056644965     0.049704321     308.558     42.959    269.157     146.653    0.010000
872     0.046354912     0.047768924     319.634     45.896    282.766     148.568    0.010000
873     0.067328349     0.044057675     321.708     44.856    274.813     148.182    0.010000
874     0.068073399     0.043781675     315.622     46.002    277.564     149.447    0.000000
875     0.076353505     0.044986591     315.497     44.025    277.123     147.232    0.010000
876     0.054109503     0.049727112     313.980     41.689    273.764     147.330    0.020000
877     0.071464330     0.040683743     318.618     44.922    257.605     143.884    0.000000
878     0.045405034     0.055782381     321.731     47.385    267.816     146.310    0.020000
879     0.052580412     0.048082586     315.530     46.449    275.557     149.242    0.000000
880     0.095922276     0.041596863     319.092     45.779    233.274     144.939    0.010000
881     0.037676845     0.043754771     319.959     45.924    244.353     141.270    0.010000
882     0.048498049     0.041477457     321.067     43.839    236.341     141.540    0.010000
883     0.043199390     0.038330171     319.364     43.079    231.274     140.903    0.020000
884     0.039001383     0.053921334     314.680     41.914    227.787     140.459    0.000000
885     0.052452706     0.045478970     310.741     41.194    226.305     140.300    0.010000
886     0.041411087     0.037784871     320.103     42.998    251.189     145.205    0.010000
887     0.066384584     0.065260671     323.529     44.692    268.146     147.949    0.010000
888     0.103520900     0.057270329     316.531     42.461    244.634     144.008    0.010000
889     0.047750216     0.045872334     325.950     45.863    239.467     142.342    0.010000
890     0.037623752     0.055628624     323.392     44.851    248.303     145.695    0.010000
891     0.068136021     0.052126434     326.286     46.366    257.229     148.655    0.010000
892     0.065584578     0.058988303     330.189     51.177    246.167     146.326    0.010000
893     0.059842419     0.104291193     339.063     49.049    230.767     143.477    0.010000
894     0.036178816     0.038489360     327.224     48.463    238.163     145.529    0.000000
